t x y
0 0.900875 0.435437
0.00500501 0.885903 0.463267
0.01001 0.870054 0.49064
0.015015 0.853343 0.517525
0.02002 0.835782 0.543895
0.025025 0.817387 0.569723
0.03003 0.798176 0.594981
0.035035 0.778164 0.619643
0.04004 0.757371 0.643682
0.045045 0.735814 0.667073
0.0500501 0.713515 0.689791
0.0550551 0.690494 0.711811
0.0600601 0.666773 0.733109
0.0650651 0.642375 0.753662
0.0700701 0.617322 0.773447
0.0750751 0.591639 0.792443
0.0800801 0.565351 0.810629
0.0850851 0.538485 0.827985
0.0900901 0.511065 0.844491
0.0950951 0.48312 0.860128
0.1001 0.454677 0.874879
0.105105 0.425765 0.888728
0.11011 0.396414 0.901659
0.115115 0.366652 0.913656
0.12012 0.336509 0.924706
0.125125 0.306018 0.934796
0.13013 0.275209 0.943915
0.135135 0.244113 0.952052
0.14014 0.212763 0.959198
0.145145 0.181191 0.965343
0.15015 0.14943 0.97048
0.155155 0.117513 0.974604
0.16016 0.0854735 0.977709
0.165165 0.0533443 0.979792
0.17017 0.0211592 0.980848
0.175175 -0.0110481 0.980878
0.18018 -0.0432438 0.979879
0.185185 -0.0753942 0.977854
0.19019 -0.107465 0.974804
0.195195 -0.139424 0.970731
0.2002 -0.171237 0.965641
0.205205 -0.20287 0.959539
0.21021 -0.23429 0.95243
0.215215 -0.265465 0.944324
0.22022 -0.296361 0.935227
0.225225 -0.326947 0.925152
0.23023 -0.357191 0.914108
0.235235 -0.387061 0.902107
0.24024 -0.416527 0.889164
0.245245 -0.445557 0.875291
0.25025 -0.474123 0.860505
0.255255 -0.502194 0.844822
0.26026 -0.529742 0.828259
0.265265 -0.556738 0.810833
0.27027 -0.583156 0.792565
0.275275 -0.608969 0.773475
0.28028 -0.63415 0.753582
0.285285 -0.658675 0.73291
0.29029 -0.682519 0.711479
0.295295 -0.705659 0.689315
0.3003 -0.728072 0.666441
0.305305 -0.749736 0.642881
0.31031 -0.770631 0.618661
0.315315 -0.790735 0.593808
0.32032 -0.810032 0.568347
0.325325 -0.828501 0.542306
0.33033 -0.846126 0.515712
0.335335 -0.862892 0.488595
0.34034 -0.878782 0.460982
0.345345 -0.893783 0.432902
0.35035 -0.907882 0.404385
0.355355 -0.921066 0.375461
0.36036 -0.933324 0.34616
0.365365 -0.944647 0.316511
0.37037 -0.955024 0.286546
0.375375 -0.964449 0.256295
0.38038 -0.972915 0.225789
0.385385 -0.980414 0.195059
0.39039 -0.986943 0.164136
0.395395 -0.992498 0.133051
0.4004 -0.997075 0.101835
0.405405 -1.00067 0.0705183
0.41041 -1.00329 0.0391329
0.415415 -1.00493 0.00770929
0.42042 -1.00558 -0.0237218
0.425425 -1.00527 -0.0551299
0.43043 -1.00397 -0.0864846
0.435435 -1.00171 -0.117756
0.44044 -0.998479 -0.148913
0.445445 -0.99429 -0.179928
0.45045 -0.989147 -0.21077
0.455455 -0.98306 -0.24141
0.46046 -0.976035 -0.27182
0.465465 -0.968081 -0.301972
0.47047 -0.95921 -0.331838
0.475475 -0.949432 -0.361389
0.48048 -0.938758 -0.3906
0.485485 -0.927201 -0.419443
0.49049 -0.914774 -0.447893
0.495495 -0.90149 -0.475924
0.500501 -0.887366 -0.50351
0.505506 -0.872414 -0.530627
0.510511 -0.856653 -0.557252
0.515516 -0.840098 -0.58336
0.520521 -0.822766 -0.608929
0.525526 -0.804675 -0.633936
0.530531 -0.785845 -0.65836
0.535536 -0.766293 -0.68218
0.540541 -0.746039 -0.705376
0.545546 -0.725103 -0.727926
0.550551 -0.703507 -0.749813
0.555556 -0.68127 -0.771018
0.560561 -0.658415 -0.791523
0.565566 -0.634963 -0.81131
0.570571 -0.610937 -0.830364
0.575576 -0.586359 -0.848668
0.580581 -0.561253 -0.866208
0.585586 -0.535643 -0.882968
0.590591 -0.509551 -0.898936
0.595596 -0.483003 -0.914098
0.600601 -0.456022 -0.928442
0.605606 -0.428634 -0.941956
0.610611 -0.400864 -0.95463
0.615616 -0.372736 -0.966453
0.620621 -0.344277 -0.977417
0.625626 -0.315511 -0.987512
0.630631 -0.286466 -0.99673
0.635636 -0.257167 -1.00506
0.640641 -0.22764 -1.01251
0.645646 -0.197911 -1.01906
0.650651 -0.168008 -1.0247
0.655656 -0.137956 -1.02945
0.660661 -0.107782 -1.03328
0.665666 -0.0775136 -1.0362
0.670671 -0.0471766 -1.03821
0.675676 -0.0167981 -1.03931
0.680681 0.0135953 -1.03949
0.685686 0.0439766 -1.03875
0.690691 0.0743193 -1.0371
0.695696 0.104597 -1.03454
0.700701 0.134782 -1.03107
0.705706 0.164849 -1.02669
0.710711 0.19477 -1.02141
0.715716 0.224521 -1.01523
0.720721 0.254074 -1.00815
0.725726 0.283403 -1.00019
0.730731 0.312483 -0.991351
0.735736 0.341288 -0.981637
0.740741 0.369791 -0.971058
0.745746 0.39797 -0.959623
0.750751 0.425797 -0.947342
0.755756 0.453248 -0.934224
0.760761 0.480299 -0.920281
0.765766 0.506925 -0.905525
0.770771 0.533102 -0.889967
0.775776 0.558808 -0.873621
0.780781 0.584018 -0.856501
0.785786 0.608709 -0.83862
0.790791 0.63286 -0.819994
0.795796 0.656447 -0.800638
0.800801 0.67945 -0.780569
0.805806 0.701846 -0.759803
0.810811 0.723615 -0.738358
0.815816 0.744736 -0.716253
0.820821 0.76519 -0.693505
0.825826 0.784957 -0.670134
0.830831 0.804017 -0.646161
0.835836 0.822353 -0.621606
0.840841 0.839947 -0.596489
0.845846 0.856781 -0.570833
0.850851 0.872838 -0.544659
0.855856 0.888103 -0.517991
0.860861 0.90256 -0.490852
0.865866 0.916193 -0.463265
0.870871 0.92899 -0.435254
0.875876 0.940935 -0.406845
0.880881 0.952017 -0.378063
0.885886 0.962223 -0.348932
0.890891 0.971541 -0.31948
0.895896 0.979961 -0.289733
0.900901 0.987473 -0.259717
0.905906 0.994068 -0.229459
0.910911 0.999736 -0.198988
0.915916 1.00447 -0.168331
0.920921 1.00827 -0.137517
0.925926 1.01112 -0.106573
0.930931 1.01301 -0.0755296
0.935936 1.01395 -0.0444145
0.940941 1.01394 -0.0132575
0.945946 1.01296 0.0179121
0.950951 1.01102 0.0490647
0.955956 1.00811 0.0801705
0.960961 1.00424 0.1112
0.965966 0.999405 0.142122
0.970971 0.993611 0.172908
0.975976 0.986859 0.203527
0.980981 0.979153 0.23395
0.985986 0.970498 0.264145
0.990991 0.9609 0.294084
0.995996 0.950365 0.323737
1.001 0.938902 0.353073
1.00601 0.926518 0.382063
1.01101 0.913225 0.410678
1.01602 0.899032 0.438888
1.02102 0.883951 0.466664
1.02603 0.867994 0.493979
1.03103 0.851176 0.520803
1.03604 0.833511 0.547109
1.04104 0.815014 0.572869
1.04605 0.795702 0.598056
1.05105 0.775592 0.622643
1.05606 0.754702 0.646605
1.06106 0.733052 0.669915
1.06607 0.710662 0.692548
1.07107 0.687552 0.714481
1.07608 0.663745 0.735688
1.08108 0.639263 0.756148
1.08609 0.61413 0.775838
1.09109 0.58837 0.794735
1.0961 0.562009 0.81282
1.1011 0.535071 0.830072
1.10611 0.507584 0.846471
1.11111 0.479575 0.862
1.11612 0.451072 0.876641
1.12112 0.422103 0.890377
1.12613 0.392698 0.903192
1.13113 0.362887 0.915073
1.13614 0.332699 0.926005
1.14114 0.302166 0.935976
1.14615 0.271319 0.944973
1.15115 0.240189 0.952988
1.15616 0.208809 0.960009
1.16116 0.177212 0.96603
1.16617 0.145429 0.971042
1.17117 0.113495 0.975039
1.17618 0.0814416 0.978018
1.18118 0.0493033 0.979973
1.18619 0.0171133 0.980902
1.19119 -0.0150945 0.980803
1.1962 -0.0472866 0.979677
1.2012 -0.0794291 0.977524
1.20621 -0.111488 0.974347
1.21121 -0.143431 0.970148
1.21622 -0.175223 0.964931
1.22122 -0.206831 0.958703
1.22623 -0.238222 0.95147
1.23123 -0.269364 0.94324
1.23624 -0.300223 0.934022
1.24124 -0.330769 0.923825
1.24625 -0.360968 0.912662
1.25125 -0.390789 0.900544
1.25626 -0.420202 0.887484
1.26126 -0.449176 0.873497
1.26627 -0.477681 0.858599
1.27127 -0.505688 0.842806
1.27628 -0.533168 0.826135
1.28128 -0.560094 0.808604
1.28629 -0.586438 0.790233
1.29129 -0.612173 0.771042
1.2963 -0.637273 0.751052
1.3013 -0.661715 0.730285
1.30631 -0.685472 0.708763
1.31131 -0.708522 0.68651
1.31632 -0.730843 0.66355
1.32132 -0.752412 0.639907
1.32633 -0.773209 0.615608
1.33133 -0.793214 0.590679
1.33634 -0.812408 0.565145
1.34134 -0.830773 0.539035
1.34635 -0.848293 0.512376
1.35135 -0.86495 0.485197
1.35636 -0.88073 0.457525
1.36136 -0.89562 0.429391
1.36637 -0.909606 0.400823
1.37137 -0.922675 0.371852
1.37638 -0.934818 0.342507
1.38138 -0.946024 0.312819
1.38639 -0.956284 0.282818
1.39139 -0.965591 0.252535
1.3964 -0.973937 0.222001
1.4014 -0.981316 0.191247
1.40641 -0.987725 0.160303
1.41141 -0.993159 0.129202
1.41642 -0.997615 0.0979726
1.42142 -1.00109 0.0666475
1.42643 -1.00359 0.0352571
1.43143 -1.0051 0.00383223
1.43644 -1.00564 -0.0275963
1.44144 -1.0052 -0.0589981
1.44645 -1.00379 -0.0903427
1.45145 -1.00141 -0.1216
1.45646 -0.99806 -0.15274
1.46146 -0.993753 -0.183734
1.46647 -0.988495 -0.214551
1.47147 -0.982292 -0.245164
1.47648 -0.975152 -0.275542
1.48148 -0.967086 -0.305659
1.48649 -0.958104 -0.335486
1.49149 -0.948215 -0.364996
1.4965 -0.937433 -0.394162
1.5015 -0.925769 -0.422957
1.50651 -0.913237 -0.451356
1.51151 -0.89985 -0.479332
1.51652 -0.885624 -0.506861
1.52152 -0.870574 -0.533918
1.52653 -0.854715 -0.56048
1.53153 -0.838064 -0.586522
1.53654 -0.82064 -0.612023
1.54154 -0.802458 -0.636959
1.54655 -0.783539 -0.66131
1.55155 -0.763901 -0.685054
1.55656 -0.743564 -0.70817
1.56156 -0.722547 -0.73064
1.56657 -0.700872 -0.752444
1.57157 -0.67856 -0.773564
1.57658 -0.655631 -0.793981
1.58158 -0.632109 -0.813679
1.58659 -0.608015 -0.832642
1.59159 -0.583373 -0.850853
1.5966 -0.558205 -0.868298
1.6016 -0.532535 -0.884962
1.60661 -0.506387 -0.900832
1.61161 -0.479786 -0.915895
1.61662 -0.452755 -0.930138
1.62162 -0.42532 -0.94355
1.62663 -0.397505 -0.956121
1.63163 -0.369336 -0.96784
1.63664 -0.340839 -0.978698
1.64164 -0.312039 -0.988686
1.64665 -0.282962 -0.997797
1.65165 -0.253634 -1.00602
1.65666 -0.224081 -1.01336
1.66166 -0.194331 -1.0198
1.66667 -0.164408 -1.02534
1.67167 -0.134341 -1.02997
1.67668 -0.104154 -1.03369
1.68168 -0.0738763 -1.0365
1.68669 -0.0435331 -1.0384
1.69169 -0.0131516 -1.03939
1.6967 0.0172416 -1.03945
1.7017 0.0476195 -1.03861
1.70671 0.0779556 -1.03685
1.71171 0.108223 -1.03417
1.71672 0.138395 -1.03059
1.72172 0.168446 -1.0261
1.72673 0.198348 -1.02071
1.73173 0.228076 -1.01442
1.73674 0.257603 -1.00724
1.74174 0.286904 -0.999172
1.74675 0.315952 -0.990224
1.75175 0.344722 -0.980404
1.75676 0.373188 -0.969721
1.76176 0.401325 -0.958182
1.76677 0.429108 -0.945798
1.77177 0.456512 -0.93258
1.77678 0.483513 -0.918537
1.78178 0.510086 -0.903683
1.78679 0.536208 -0.888028
1.79179 0.561855 -0.871587
1.7968 0.587004 -0.854373
1.8018 0.611631 -0.8364
1.80681 0.635715 -0.817684
1.81181 0.659233 -0.79824
1.81682 0.682163 -0.778085
1.82182 0.704485 -0.757235
1.82683 0.726176 -0.735708
1.83183 0.747218 -0.713523
1.83684 0.76759 -0.690697
1.84184 0.787272 -0.667252
1.84685 0.806246 -0.643206
1.85185 0.824493 -0.61858
1.85686 0.841996 -0.593396
1.86186 0.858736 -0.567674
1.86687 0.874698 -0.541438
1.87187 0.889866 -0.514711
1.87688 0.904224 -0.487514
1.88188 0.917756 -0.459873
1.88689 0.93045 -0.431812
1.89189 0.942291 -0.403355
1.8969 0.953267 -0.374527
1.9019 0.963365 -0.345355
1.90691 0.972574 -0.315864
1.91191 0.980884 -0.286081
1.91692 0.988285 -0.256033
1.92192 0.994767 -0.225746
1.92693 1.00032 -0.19525
1.93193 1.00494 -0.164571
1.93694 1.00862 -0.133738
1.94194 1.01136 -0.102779
1.94695 1.01314 -0.0717235
1.95195 1.01396 -0.0406004
1.95696 1.01382 -0.00943888
1.96196 1.01273 0.0217316
1.96697 1.01067 0.0528814
1.97197 1.00764 0.0839808
1.97698 1.00365 0.115
1.98198 0.998701 0.145909
1.98699 0.992788 0.176677
1.99199 0.985918 0.207275
1.997 0.978095 0.237672
2.002 0.969323 0.267839
2.00701 0.959609 0.297746
2.01201 0.948959 0.327362
2.01702 0.937381 0.356659
2.02202 0.924885 0.385605
2.02703 0.911479 0.414173
2.03203 0.897175 0.442332
2.03704 0.881985 0.470055
2.04204 0.86592 0.497312
2.04705 0.848996 0.524074
2.05205 0.831227 0.550315
2.05706 0.812627 0.576007
2.06206 0.793215 0.601122
2.06707 0.773007 0.625634
2.07207 0.752021 0.649518
2.07708 0.730278 0.672746
2.08208 0.707797 0.695295
2.08709 0.684599 0.71714
2.09209 0.660706 0.738257
2.0971 0.636142 0.758623
2.1021 0.610929 0.778216
2.10711 0.585092 0.797015
2.11211 0.558657 0.814998
2.11712 0.531649 0.832146
2.12212 0.504095 0.848439
2.12713 0.476022 0.863859
2.13213 0.447459 0.878388
2.13714 0.418434 0.892011
2.14214 0.388976 0.904712
2.14715 0.359116 0.916476
2.15215 0.328883 0.927289
2.15716 0.298308 0.93714
2.16216 0.267424 0.946016
2.16717 0.236261 0.953908
2.17217 0.204852 0.960806
2.17718 0.173229 0.966701
2.18218 0.141425 0.971588
2.18719 0.109474 0.975459
2.19219 0.0774082 0.97831
2.1972 0.0452613 0.980138
2.2022 0.0130671 0.980939
2.20721 -0.0191408 0.980713
2.21221 -0.0513287 0.979459
2.21722 -0.0834628 0.977179
2.22222 -0.115509 0.973874
2.22723 -0.147435 0.969548
2.23223 -0.179206 0.964206
2.23724 -0.210789 0.957853
2.24224 -0.242151 0.950495
2.24725 -0.273259 0.942142
2.25225 -0.304081 0.932801
2.25726 -0.334585 0.922484
2.26226 -0.364738 0.911201
2.26727 -0.39451 0.898966
2.27227 -0.423869 0.88579
2.27728 -0.452786 0.87169
2.28228 -0.481231 0.856679
2.28729 -0.509173 0.840776
2.29229 -0.536586 0.823998
2.2973 -0.56344 0.806362
2.3023 -0.589709 0.787888
2.30731 -0.615367 0.768598
2.31231 -0.640386 0.74851
2.31732 -0.664743 0.727649
2.32232 -0.688414 0.706035
2.32733 -0.711374 0.683694
2.33233 -0.733602 0.660648
2.33734 -0.755076 0.636924
2.34234 -0.775775 0.612546
2.34735 -0.79568 0.587541
2.35235 -0.814772 0.561935
2.35736 -0.833033 0.535756
2.36236 -0.850446 0.509032
2.36737 -0.866995 0.481791
2.37237 -0.882665 0.454062
2.37738 -0.897443 0.425873
2.38238 -0.911315 0.397255
2.38739 -0.92427 0.368237
2.39239 -0.936297 0.338849
2.3974 -0.947387 0.309122
2.4024 -0.957529 0.279086
2.40741 -0.966717 0.248772
2.41241 -0.974944 0.21821
2.41742 -0.982204 0.187432
2.42242 -0.988492 0.156469
2.42743 -0.993805 0.125351
2.43243 -0.998141 0.0941096
2.43744 -1.0015 0.0627761
2.44244 -1.00387 0.0313812
2.44745 -1.00527 -4.4416e-05
2.45245 -1.00568 -0.03147
2.45746 -1.00513 -0.0628649
2.46246 -1.00359 -0.0941991
2.46747 -1.00109 -0.125442
2.47247 -0.997626 -0.156565
2.47748 -0.993203 -0.187537
2.48248 -0.987828 -0.218329
2.48749 -0.98151 -0.248913
2.49249 -0.974257 -0.27926
2.4975 -0.966078 -0.309341
2.5025 -0.956984 -0.33913
2.50751 -0.946986 -0.368598
2.51251 -0.936095 -0.397718
2.51752 -0.924325 -0.426465
2.52252 -0.911688 -0.454812
2.52753 -0.898198 -0.482734
2.53253 -0.883871 -0.510205
2.53754 -0.868721 -0.537202
2.54254 -0.852765 -0.5637
2.54755 -0.83602 -0.589676
2.55255 -0.818502 -0.615108
2.55756 -0.800231 -0.639973
2.56256 -0.781223 -0.66425
2.56757 -0.7615 -0.687917
2.57257 -0.741079 -0.710955
2.57758 -0.719982 -0.733344
2.58258 -0.698229 -0.755064
2.58759 -0.675841 -0.776099
2.59259 -0.652839 -0.796429
2.5976 -0.629247 -0.816037
2.6026 -0.605086 -0.834909
2.60761 -0.580379 -0.853027
2.61261 -0.555149 -0.870377
2.61762 -0.529421 -0.886944
2.62262 -0.503217 -0.902716
2.62763 -0.476563 -0.917679
2.63263 -0.449482 -0.931822
2.63764 -0.422 -0.945132
2.64264 -0.394141 -0.957599
2.64765 -0.365932 -0.969213
2.65265 -0.337397 -0.979966
2.65766 -0.308562 -0.989848
2.66266 -0.279454 -0.998851
2.66767 -0.250098 -1.00697
2.67267 -0.220521 -1.0142
2.67768 -0.190748 -1.02053
2.68268 -0.160807 -1.02595
2.68769 -0.130724 -1.03048
2.69269 -0.100525 -1.03409
2.6977 -0.0702381 -1.03679
2.7027 -0.0398891 -1.03858
2.70771 -0.00950494 -1.03945
2.71271 0.0208876 -1.03941
2.71772 0.0512617 -1.03845
2.72272 0.0815907 -1.03658
2.72773 0.111848 -1.03379
2.73273 0.142007 -1.0301
2.73774 0.172041 -1.0255
2.74274 0.201923 -1.02
2.74775 0.231629 -1.0136
2.75275 0.26113 -1.00631
2.75776 0.290401 -0.998138
2.76276 0.319417 -0.989084
2.76777 0.348151 -0.979159
2.77277 0.376579 -0.96837
2.77778 0.404675 -0.956729
2.78278 0.432413 -0.944243
2.78779 0.45977 -0.930923
2.79279 0.486721 -0.916781
2.7978 0.513241 -0.901828
2.8028 0.539307 -0.886077
2.80781 0.564895 -0.869541
2.81281 0.589982 -0.852234
2.81782 0.614545 -0.834169
2.82282 0.638562 -0.815363
2.82783 0.66201 -0.795832
2.83283 0.684868 -0.77559
2.83784 0.707114 -0.754656
2.84284 0.728729 -0.733048
2.84785 0.74969 -0.710783
2.85285 0.76998 -0.68788
2.85786 0.789577 -0.66436
2.86286 0.808464 -0.640241
2.86787 0.826622 -0.615546
2.87287 0.844033 -0.590294
2.87788 0.86068 -0.564508
2.88288 0.876547 -0.53821
2.88789 0.891617 -0.511423
2.89289 0.905875 -0.48417
2.8979 0.919307 -0.456475
2.9029 0.931897 -0.428363
2.90791 0.943634 -0.399858
2.91291 0.954503 -0.370986
2.91792 0.964494 -0.341772
2.92292 0.973594 -0.312243
2.92793 0.981794 -0.282425
2.93293 0.989083 -0.252345
2.93794 0.995452 -0.22203
2.94294 1.00089 -0.191508
2.94795 1.0054 -0.160807
2.95295 1.00896 -0.129956
2.95796 1.01158 -0.0989827
2.96296 1.01324 -0.067916
2.96797 1.01395 -0.0367853
2.97297 1.0137 -0.00561967
2.97798 1.01248 0.0255513
2.98298 1.0103 0.0566979
2.98799 1.00716 0.0877904
2.99299 1.00305 0.118799
2.998 0.997981 0.149693
3.003 0.991951 0.180444
3.00801 0.984963 0.21102
3.01301 0.977023 0.241392
3.01802 0.968134 0.27153
3.02302 0.958304 0.301404
3.02803 0.947538 0.330984
3.03303 0.935847 0.36024
3.03804 0.923237 0.389142
3.04304 0.909719 0.417662
3.04805 0.895305 0.445771
3.05305 0.880005 0.473438
3.05806 0.863833 0.500637
3.06306 0.846803 0.527338
3.06807 0.82893 0.553513
3.07307 0.810228 0.579136
3.07808 0.790716 0.604179
3.08308 0.77041 0.628616
3.08809 0.749329 0.652421
3.09309 0.727492 0.675567
3.0981 0.70492 0.698031
3.1031 0.681634 0.719788
3.10811 0.657657 0.740814
3.11311 0.63301 0.761086
3.11812 0.607718 0.780583
3.12312 0.581805 0.799282
3.12813 0.555296 0.817163
3.13313 0.528218 0.834207
3.13814 0.500598 0.850393
3.14314 0.472462 0.865704
3.14815 0.443839 0.880122
3.15315 0.414758 0.893632
3.15816 0.385248 0.906217
3.16316 0.355339 0.917864
3.16817 0.325061 0.928559
3.17317 0.294446 0.938289
3.17818 0.263525 0.947044
3.18318 0.232329 0.954813
3.18819 0.200891 0.961587
3.19319 0.169243 0.967358
3.1982 0.137419 0.972118
3.2032 0.105452 0.975863
3.20821 0.0733735 0.978587
3.21321 0.0412186 0.980287
3.21822 0.00902061 0.980961
3.22322 -0.0231868 0.980607
3.22823 -0.05537 0.979226
3.23323 -0.0874951 0.976818
3.23824 -0.119529 0.973386
3.24324 -0.151437 0.968933
3.24825 -0.183186 0.963465
3.25325 -0.214743 0.956986
3.25826 -0.246075 0.949505
3.26326 -0.277149 0.941028
3.26827 -0.307933 0.931566
3.27327 -0.338395 0.921128
3.27828 -0.368502 0.909726
3.28328 -0.398224 0.897373
3.28829 -0.42753 0.884082
3.29329 -0.45639 0.869868
3.2983 -0.484773 0.854746
3.3033 -0.512651 0.838733
3.30831 -0.539995 0.821848
3.31331 -0.566778 0.804107
3.31832 -0.592972 0.785531
3.32332 -0.618551 0.766141
3.32833 -0.643489 0.745957
3.33333 -0.667761 0.725001
3.33834 -0.691344 0.703297
3.34334 -0.714214 0.680867
3.34835 -0.736349 0.657737
3.35335 -0.757728 0.633931
3.35836 -0.778329 0.609474
3.36336 -0.798134 0.584394
3.36837 -0.817123 0.558717
3.37337 -0.835279 0.53247
3.37838 -0.852585 0.505681
3.38338 -0.869026 0.478379
3.38839 -0.884586 0.450592
3.39339 -0.899252 0.42235
3.3984 -0.913011 0.393682
3.4034 -0.925851 0.364617
3.40841 -0.937762 0.335187
3.41341 -0.948735 0.305421
3.41842 -0.958759 0.27535
3.42342 -0.967829 0.245005
3.42843 -0.975936 0.214416
3.43343 -0.983076 0.183615
3.43844 -0.989244 0.152632
3.44344 -0.994437 0.121499
3.44845 -0.998651 0.0902457
3.45345 -1.00189 0.0589043
3.45846 -1.00414 0.0275053
3.46346 -1.00542 -0.00392059
3.46847 -1.00571 -0.0353426
3.47347 -1.00503 -0.0667304
3.47848 -1.00338 -0.0980536
3.48348 -1.00076 -0.129282
3.48849 -0.997178 -0.160386
3.49349 -0.992638 -0.191336
3.4985 -0.987147 -0.222103
3.5035 -0.980714 -0.252658
3.50851 -0.973347 -0.282973
3.51351 -0.965056 -0.313018
3.51852 -0.955851 -0.342768
3.52352 -0.945743 -0.372193
3.52853 -0.934744 -0.401268
3.53353 -0.922867 -0.429966
3.53854 -0.910126 -0.458261
3.54354 -0.896533 -0.486128
3.54855 -0.882105 -0.513541
3.55355 -0.866857 -0.540477
3.55856 -0.850804 -0.566912
3.56356 -0.833964 -0.592822
3.56857 -0.816354 -0.618184
3.57357 -0.797992 -0.642978
3.57858 -0.778897 -0.66718
3.58358 -0.759088 -0.690771
3.58859 -0.738584 -0.71373
3.59359 -0.717407 -0.736037
3.5986 -0.695576 -0.757674
3.6036 -0.673112 -0.778623
3.60861 -0.650039 -0.798865
3.61361 -0.626376 -0.818384
3.61862 -0.602148 -0.837164
3.62362 -0.577377 -0.855189
3.62863 -0.552086 -0.872444
3.63363 -0.526299 -0.888915
3.63864 -0.50004 -0.904588
3.64364 -0.473333 -0.919452
3.64865 -0.446203 -0.933493
3.65365 -0.418675 -0.946701
3.65866 -0.390773 -0.959064
3.66366 -0.362523 -0.970574
3.66867 -0.333951 -0.981221
3.67367 -0.305082 -0.990996
3.67868 -0.275943 -0.999892
3.68368 -0.246559 -1.0079
3.68869 -0.216957 -1.01502
3.69369 -0.187163 -1.02124
3.6987 -0.157203 -1.02656
3.7037 -0.127105 -1.03097
3.70871 -0.0968949 -1.03447
3.71371 -0.0665991 -1.03706
3.71872 -0.0362446 -1.03874
3.72372 -0.00585826 -1.0395
3.72873 0.0245333 -1.03934
3.73373 0.0549032 -1.03828
3.73874 0.0852248 -1.03629
3.74374 0.115472 -1.0334
3.74875 0.145617 -1.0296
3.75375 0.175634 -1.02489
3.75876 0.205496 -1.01928
3.76376 0.235178 -1.01277
3.76877 0.264653 -1.00537
3.77377 0.293895 -0.997091
3.77878 0.322878 -0.987931
3.78378 0.351577 -0.9779
3.78879 0.379965 -0.967008
3.79379 0.408019 -0.955263
3.7988 0.435713 -0.942675
3.8038 0.463022 -0.929254
3.80881 0.489922 -0.915013
3.81381 0.516389 -0.899962
3.81882 0.542399 -0.884115
3.82382 0.567927 -0.867484
3.82883 0.592952 -0.850083
3.83383 0.617451 -0.831927
3.83884 0.6414 -0.813032
3.84384 0.664778 -0.793412
3.84885 0.687563 -0.773085
3.85385 0.709735 -0.752068
3.85886 0.731271 -0.730378
3.86386 0.752153 -0.708034
3.86887 0.772359 -0.685054
3.87387 0.791872 -0.661459
3.87888 0.810671 -0.637268
3.88388 0.82874 -0.612503
3.88889 0.846059 -0.587184
3.89389 0.862613 -0.561333
3.8989 0.878383 -0.534973
3.9039 0.893356 -0.508127
3.90891 0.907514 -0.480818
3.91391 0.920845 -0.45307
3.91892 0.933332 -0.424908
3.92392 0.944964 -0.396356
3.92893 0.955727 -0.367439
3.93393 0.96561 -0.338184
3.93894 0.974601 -0.308617
3.94394 0.98269 -0.278764
3.94895 0.989867 -0.248653
3.95395 0.996124 -0.21831
3.95896 1.00145 -0.187763
3.96396 1.00584 -0.157041
3.96897 1.00929 -0.126172
3.97397 1.01179 -0.0951845
3.97898 1.01334 -0.0641071
3.98398 1.01393 -0.0329691
3.98899 1.01356 -0.00179991
3.99399 1.01222 0.029371
3.999 1.00992 0.060514
4.004 1.00666 0.0915991
4.00901 1.00244 0.122597
4.01401 0.997247 0.153476
4.01902 0.991099 0.184208
4.02402 0.983993 0.214762
4.02903 0.975935 0.245109
4.03403 0.96693 0.275217
4.03904 0.956984 0.305058
4.04404 0.946104 0.3346
4.04905 0.934298 0.363816
4.05405 0.921575 0.392674
4.05906 0.907946 0.421146
4.06406 0.893421 0.449203
4.06907 0.878012 0.476815
4.07407 0.861733 0.503955
4.07908 0.844598 0.530594
4.08408 0.82662 0.556704
4.08909 0.807817 0.582257
4.09409 0.788205 0.607228
4.0991 0.767801 0.631589
4.1041 0.746625 0.655314
4.10911 0.724695 0.678378
4.11411 0.702033 0.700757
4.11912 0.678659 0.722425
4.12412 0.654597 0.74336
4.12913 0.629868 0.763538
4.13413 0.604497 0.782938
4.13914 0.578508 0.801537
4.14414 0.551926 0.819316
4.14915 0.524779 0.836255
4.15415 0.497092 0.852334
4.15916 0.468894 0.867535
4.16416 0.440212 0.881842
4.16917 0.411075 0.895238
4.17417 0.381513 0.907708
4.17918 0.351556 0.919238
4.18418 0.321234 0.929814
4.18919 0.290579 0.939424
4.19419 0.259621 0.948057
4.1992 0.228393 0.955703
4.2042 0.196927 0.962353
4.20921 0.165255 0.967998
4.21421 0.133411 0.972633
4.21922 0.101427 0.976251
4.22422 0.0693374 0.978848
4.22923 0.0371751 0.980421
4.23423 0.0049739 0.980967
4.23924 -0.0272325 0.980485
4.24424 -0.0594105 0.978976
4.24925 -0.0915261 0.976441
4.25425 -0.123546 0.972882
4.25926 -0.155436 0.968303
4.26426 -0.187163 0.962708
4.26927 -0.218694 0.956105
4.27427 -0.249996 0.948499
4.27928 -0.281035 0.939899
4.28428 -0.311781 0.930315
4.28929 -0.3422 0.919757
4.29429 -0.372261 0.908236
4.2993 -0.401932 0.895766
4.3043 -0.431184 0.88236
4.30931 -0.459985 0.868032
4.31431 -0.488307 0.852799
4.31932 -0.51612 0.836677
4.32432 -0.543395 0.819685
4.32933 -0.570106 0.80184
4.33433 -0.596224 0.783162
4.33934 -0.621724 0.763672
4.34434 -0.646581 0.743392
4.34935 -0.670768 0.722342
4.35435 -0.694264 0.700547
4.35936 -0.717043 0.67803
4.36436 -0.739085 0.654815
4.36937 -0.760368 0.630928
4.37437 -0.780871 0.606393
4.37938 -0.800575 0.581238
4.38438 -0.819461 0.55549
4.38939 -0.837512 0.529175
4.39439 -0.854711 0.502322
4.3994 -0.871043 0.474959
4.4044 -0.886493 0.447116
4.40941 -0.901047 0.41882
4.41441 -0.914692 0.390102
4.41942 -0.927418 0.360992
4.42442 -0.939213 0.33152
4.42943 -0.950068 0.301716
4.43443 -0.959975 0.271611
4.43944 -0.968925 0.241235
4.44444 -0.976913 0.210619
4.44945 -0.983933 0.179795
4.45445 -0.989981 0.148793
4.45946 -0.995053 0.117645
4.46446 -0.999147 0.0863809
4.46947 -1.00226 0.0550321
4.47447 -1.00439 0.0236294
4.47948 -1.00555 -0.00779624
4.48448 -1.00573 -0.0392143
4.48949 -1.00493 -0.0705944
4.49449 -1.00316 -0.101906
4.4995 -1.00042 -0.13312
4.5045 -0.996716 -0.164205
4.50951 -0.992058 -0.195133
4.51451 -0.986452 -0.225874
4.51952 -0.979904 -0.2564
4.52452 -0.972423 -0.286681
4.52953 -0.96402 -0.316691
4.53453 -0.954704 -0.346401
4.53954 -0.944487 -0.375783
4.54454 -0.93338 -0.404812
4.54955 -0.921397 -0.433461
4.55455 -0.908551 -0.461704
4.55956 -0.894856 -0.489515
4.56456 -0.880327 -0.51687
4.56957 -0.86498 -0.543745
4.57457 -0.848831 -0.570116
4.57958 -0.831897 -0.595959
4.58458 -0.814194 -0.621252
4.58959 -0.795743 -0.645973
4.59459 -0.77656 -0.670101
4.5996 -0.756666 -0.693615
4.6046 -0.73608 -0.716495
4.60961 -0.714822 -0.73872
4.61461 -0.692913 -0.760274
4.61962 -0.670375 -0.781136
4.62462 -0.647229 -0.801291
4.62963 -0.623498 -0.82072
4.63463 -0.599203 -0.839408
4.63964 -0.574368 -0.857339
4.64464 -0.549016 -0.874499
4.64965 -0.523171 -0.890873
4.65465 -0.496857 -0.906448
4.65966 -0.470098 -0.921211
4.66466 -0.442919 -0.935151
4.66967 -0.415344 -0.948257
4.67467 -0.387399 -0.960517
4.67968 -0.35911 -0.971922
4.68468 -0.330501 -0.982463
4.68969 -0.301598 -0.992131
4.69469 -0.272428 -1.00092
4.6997 -0.243017 -1.00882
4.7047 -0.21339 -1.01583
4.70971 -0.183575 -1.02194
4.71471 -0.153598 -1.02715
4.71972 -0.123485 -1.03145
4.72472 -0.0932633 -1.03484
4.72973 -0.0629593 -1.03732
4.73473 -0.0325998 -1.03889
4.73974 -0.00221158 -1.03954
4.74474 0.0281786 -1.03927
4.74975 0.058544 -1.03809
4.75475 0.0888578 -1.036
4.75976 0.119094 -1.03299
4.76476 0.149224 -1.02908
4.76977 0.179224 -1.02426
4.77477 0.209066 -1.01854
4.77978 0.238724 -1.01193
4.78478 0.268172 -1.00442
4.78979 0.297384 -0.996031
4.79479 0.326335 -0.986765
4.7998 0.354997 -0.976629
4.8048 0.383347 -0.965632
4.80981 0.411359 -0.953784
4.81481 0.439008 -0.941094
4.81982 0.466269 -0.927573
4.82482 0.493118 -0.913233
4.82983 0.519531 -0.898084
4.83483 0.545483 -0.88214
4.83984 0.570953 -0.865415
4.84484 0.595915 -0.847921
4.84985 0.620349 -0.829674
4.85485 0.64423 -0.810689
4.85986 0.667538 -0.790982
4.86486 0.69025 -0.77057
4.86987 0.712346 -0.749469
4.87487 0.733804 -0.727698
4.87988 0.754605 -0.705275
4.88488 0.774729 -0.682218
4.88989 0.794156 -0.658549
4.89489 0.812868 -0.634286
4.8999 0.830847 -0.609451
4.9049 0.848074 -0.584066
4.90991 0.864534 -0.558151
4.91491 0.880208 -0.53173
4.91992 0.895083 -0.504825
4.92492 0.909142 -0.47746
4.92993 0.92237 -0.449659
4.93493 0.934754 -0.421446
4.93994 0.946281 -0.392847
4.94494 0.956938 -0.363887
4.94995 0.966713 -0.334591
4.95495 0.975594 -0.304986
4.95996 0.983573 -0.275099
4.96496 0.990638 -0.244957
4.96997 0.996782 -0.214586
4.97497 1.002 -0.184016
4.97998 1.00627 -0.153273
4.98498 1.0096 -0.122386
4.98999 1.01199 -0.0913845
4.99499 1.01342 -0.0602968
5 1.01389 -0.029152
