t x y
0 0.900875 0.435437
0.00500501 0.886348 0.463482
0.01001 0.870945 0.49107
0.015015 0.854681 0.518172
0.02002 0.837572 0.544761
0.025025 0.819632 0.570811
0.03003 0.800879 0.596294
0.035035 0.781331 0.621185
0.04004 0.761007 0.645458
0.045045 0.739925 0.66909
0.0500501 0.718106 0.692055
0.0550551 0.695572 0.714331
0.0600601 0.672345 0.735894
0.0650651 0.648446 0.756723
0.0700701 0.623899 0.776795
0.0750751 0.598729 0.796091
0.0800801 0.57296 0.814591
0.0850851 0.546617 0.832276
0.0900901 0.519727 0.849127
0.0950951 0.492316 0.865128
0.1001 0.464412 0.880261
0.105105 0.436042 0.894511
0.11011 0.407234 0.907864
0.115115 0.378018 0.920305
0.12012 0.348422 0.931823
0.125125 0.318476 0.942405
0.13013 0.288211 0.95204
0.135135 0.257655 0.960718
0.14014 0.226841 0.968431
0.145145 0.195799 0.975171
0.15015 0.16456 0.980931
0.155155 0.133156 0.985705
0.16016 0.101618 0.989488
0.165165 0.0699775 0.992277
0.17017 0.038267 0.994069
0.175175 0.006518 0.994863
0.18018 -0.0252375 0.994657
0.185185 -0.0569677 0.993452
0.19019 -0.0886408 0.99125
0.195195 -0.120225 0.988054
0.2002 -0.151688 0.983866
0.205205 -0.183 0.978692
0.21021 -0.214128 0.972537
0.215215 -0.245041 0.965407
0.22022 -0.275709 0.957312
0.225225 -0.306102 0.948258
0.23023 -0.336188 0.938256
0.235235 -0.365938 0.927317
0.24024 -0.395323 0.915452
0.245245 -0.424314 0.902673
0.25025 -0.452881 0.888995
0.255255 -0.480997 0.87443
0.26026 -0.508635 0.858996
0.265265 -0.535766 0.842707
0.27027 -0.562366 0.825581
0.275275 -0.588407 0.807635
0.28028 -0.613865 0.788889
0.285285 -0.638714 0.769361
0.29029 -0.662931 0.749071
0.295295 -0.686493 0.728042
0.3003 -0.709378 0.706293
0.305305 -0.731562 0.683847
0.31031 -0.753025 0.660728
0.315315 -0.773748 0.636958
0.32032 -0.79371 0.612562
0.325325 -0.812892 0.587565
0.33033 -0.831277 0.561991
0.335335 -0.848849 0.535867
0.34034 -0.865589 0.509219
0.345345 -0.881484 0.482074
0.35035 -0.896519 0.454457
0.355355 -0.910681 0.426399
0.36036 -0.923956 0.397925
0.365365 -0.936332 0.369064
0.37037 -0.9478 0.339845
0.375375 -0.95835 0.310297
0.38038 -0.967971 0.280448
0.385385 -0.976656 0.250328
0.39039 -0.984399 0.219966
0.395395 -0.991192 0.189392
0.4004 -0.997031 0.158636
0.405405 -1.00191 0.127727
0.41041 -1.00583 0.096696
0.415415 -1.00878 0.0655719
0.42042 -1.01077 0.0343849
0.425425 -1.01179 0.00316507
0.43043 -1.01184 -0.0280578
0.435435 -1.01093 -0.0592539
0.44044 -1.00905 -0.0903936
0.445445 -1.00621 -0.121447
0.45045 -1.00242 -0.152385
0.455455 -0.997678 -0.183179
0.46046 -0.991988 -0.213799
0.465465 -0.985358 -0.244216
0.47047 -0.977797 -0.274403
0.475475 -0.969312 -0.30433
0.48048 -0.959912 -0.33397
0.485485 -0.949607 -0.363295
0.49049 -0.938409 -0.392278
0.495495 -0.926328 -0.420892
0.500501 -0.913376 -0.449111
0.505506 -0.899568 -0.476909
0.510511 -0.884916 -0.504259
0.515516 -0.869436 -0.531138
0.520521 -0.853142 -0.557519
0.525526 -0.836051 -0.583379
0.530531 -0.818179 -0.608694
0.535536 -0.799544 -0.633442
0.540541 -0.780164 -0.657599
0.545546 -0.760057 -0.681144
0.550551 -0.739242 -0.704055
0.555556 -0.717741 -0.726311
0.560561 -0.695572 -0.747892
0.565566 -0.672758 -0.768779
0.570571 -0.649319 -0.788952
0.575576 -0.625278 -0.808394
0.580581 -0.600658 -0.827087
0.585586 -0.575481 -0.845013
0.590591 -0.549772 -0.862158
0.595596 -0.523554 -0.878505
0.600601 -0.496851 -0.894039
0.605606 -0.46969 -0.908747
0.610611 -0.442094 -0.922615
0.615616 -0.41409 -0.935631
0.620621 -0.385704 -0.947783
0.625626 -0.356962 -0.95906
0.630631 -0.32789 -0.969452
0.635636 -0.298516 -0.978949
0.640641 -0.268866 -0.987544
0.645646 -0.238969 -0.995227
0.650651 -0.20885 -1.00199
0.655656 -0.17854 -1.00783
0.660661 -0.148064 -1.01274
0.665666 -0.117452 -1.01672
0.670671 -0.0867319 -1.01976
0.675676 -0.0559316 -1.02186
0.680681 -0.0250797 -1.02302
0.685686 0.00579537 -1.02323
0.690691 0.0366651 -1.0225
0.695696 0.067501 -1.02082
0.700701 0.0982745 -1.0182
0.705706 0.128957 -1.01464
0.710711 0.159521 -1.01015
0.715716 0.189937 -1.00472
0.720721 0.220177 -0.998356
0.725726 0.250214 -0.991073
0.730731 0.280019 -0.982871
0.735736 0.309565 -0.97376
0.740741 0.338824 -0.963746
0.745746 0.367769 -0.952838
0.750751 0.396372 -0.941047
0.755756 0.424607 -0.928381
0.760761 0.452448 -0.914853
0.765766 0.479868 -0.900474
0.770771 0.506842 -0.885257
0.775776 0.533343 -0.869216
0.780781 0.559348 -0.852365
0.785786 0.58483 -0.834718
0.790791 0.609767 -0.816292
0.795796 0.634134 -0.797103
0.800801 0.657907 -0.777169
0.805806 0.681065 -0.756507
0.810811 0.703585 -0.735136
0.815816 0.725444 -0.713076
0.820821 0.746622 -0.690346
0.825826 0.767098 -0.666967
0.830831 0.786853 -0.64296
0.835836 0.805866 -0.618347
0.840841 0.824119 -0.593152
0.845846 0.841594 -0.567396
0.850851 0.858274 -0.541104
0.855856 0.874141 -0.5143
0.860861 0.88918 -0.487009
0.865866 0.903376 -0.459256
0.870871 0.916714 -0.431067
0.875876 0.92918 -0.402467
0.880881 0.940762 -0.373485
0.885886 0.951448 -0.344147
0.890891 0.961225 -0.31448
0.895896 0.970084 -0.284513
0.900901 0.978015 -0.254274
0.905906 0.98501 -0.223792
0.910911 0.99106 -0.193094
0.915916 0.996158 -0.162212
0.920921 1.0003 -0.131173
0.925926 1.00348 -0.100008
0.930931 1.00569 -0.0687467
0.935936 1.00693 -0.0374191
0.940941 1.0072 -0.00605534
0.945946 1.00649 0.0253143
0.950951 1.00481 0.0566594
0.955956 1.00215 0.0879496
0.960961 0.998524 0.119154
0.965966 0.993925 0.150243
0.970971 0.988359 0.181186
0.975976 0.98183 0.211952
0.980981 0.974344 0.242512
0.985986 0.965906 0.272835
0.990991 0.956524 0.302891
0.995996 0.946206 0.33265
1.001 0.934962 0.362084
1.00601 0.9228 0.391163
1.01101 0.909732 0.419858
1.01602 0.895771 0.44814
1.02102 0.880928 0.475981
1.02603 0.865218 0.503354
1.03103 0.848655 0.53023
1.03604 0.831255 0.556584
1.04104 0.813034 0.582388
1.04605 0.794009 0.607616
1.05105 0.7742 0.632244
1.05606 0.753624 0.656245
1.06106 0.732301 0.679597
1.06607 0.710253 0.702274
1.07107 0.6875 0.724256
1.07608 0.664064 0.745518
1.08108 0.639969 0.766039
1.08609 0.615237 0.785799
1.09109 0.589894 0.804777
1.0961 0.563963 0.822955
1.1011 0.537471 0.840313
1.10611 0.510444 0.856834
1.11111 0.482908 0.872501
1.11612 0.45489 0.887298
1.12112 0.426419 0.90121
1.12613 0.397522 0.914223
1.13113 0.368228 0.926324
1.13614 0.338567 0.9375
1.14114 0.308568 0.94774
1.14615 0.278261 0.957033
1.15115 0.247676 0.96537
1.15616 0.216843 0.972743
1.16116 0.185794 0.979145
1.16617 0.154559 0.984568
1.17117 0.123169 0.989007
1.17618 0.0916571 0.992458
1.18118 0.0600531 0.994918
1.18619 0.0283892 0.996385
1.19119 -0.00330302 0.996856
1.1962 -0.034992 0.996332
1.2012 -0.066646 0.994814
1.20621 -0.0982335 0.992302
1.21121 -0.129723 0.988801
1.21622 -0.161083 0.984314
1.22122 -0.192283 0.978846
1.22623 -0.223291 0.972402
1.23123 -0.254076 0.96499
1.23624 -0.284609 0.956617
1.24124 -0.314858 0.947292
1.24625 -0.344795 0.937025
1.25125 -0.374388 0.925827
1.25626 -0.40361 0.913709
1.26126 -0.432432 0.900685
1.26627 -0.460824 0.886767
1.27127 -0.488759 0.87197
1.27628 -0.516211 0.856309
1.28128 -0.543151 0.839801
1.28629 -0.569555 0.822462
1.29129 -0.595395 0.804311
1.2963 -0.620648 0.785366
1.3013 -0.645288 0.765646
1.30631 -0.669293 0.745171
1.31131 -0.692639 0.723963
1.31632 -0.715303 0.702042
1.32132 -0.737264 0.679432
1.32633 -0.758502 0.656154
1.33133 -0.778995 0.632233
1.33634 -0.798725 0.607693
1.34134 -0.817674 0.582557
1.34635 -0.835823 0.556852
1.35135 -0.853155 0.530604
1.35636 -0.869656 0.503837
1.36136 -0.885308 0.47658
1.36637 -0.900099 0.448858
1.37137 -0.914015 0.4207
1.37638 -0.927042 0.392133
1.38138 -0.93917 0.363186
1.38639 -0.950388 0.333887
1.39139 -0.960686 0.304265
1.3964 -0.970055 0.274348
1.4014 -0.978488 0.244167
1.40641 -0.985976 0.21375
1.41141 -0.992514 0.183127
1.41642 -0.998097 0.152328
1.42142 -1.00272 0.121382
1.42643 -1.00638 0.0903196
1.43143 -1.00908 0.0591707
1.43644 -1.0108 0.0279651
1.44144 -1.01156 -0.0032673
1.44645 -1.01136 -0.0344965
1.45145 -1.01019 -0.0656929
1.45646 -1.00805 -0.0968265
1.46146 -1.00496 -0.127868
1.46647 -1.0009 -0.158788
1.47147 -0.995899 -0.189556
1.47648 -0.98995 -0.220145
1.48148 -0.983061 -0.250525
1.48649 -0.975241 -0.280667
1.49149 -0.966497 -0.310544
1.4965 -0.95684 -0.340127
1.5015 -0.946278 -0.369389
1.50651 -0.934823 -0.398302
1.51151 -0.922487 -0.426839
1.51652 -0.909281 -0.454975
1.52152 -0.89522 -0.482682
1.52653 -0.880317 -0.509935
1.53153 -0.864586 -0.536709
1.53654 -0.848044 -0.562979
1.54154 -0.830707 -0.588721
1.54655 -0.812591 -0.613911
1.55155 -0.793713 -0.638526
1.55656 -0.774093 -0.662544
1.56156 -0.753749 -0.685942
1.56657 -0.732701 -0.708699
1.57157 -0.710968 -0.730794
1.57658 -0.688572 -0.752207
1.58158 -0.665533 -0.772918
1.58659 -0.641874 -0.792909
1.59159 -0.617617 -0.812161
1.5966 -0.592784 -0.830657
1.6016 -0.5674 -0.848379
1.60661 -0.541488 -0.865312
1.61161 -0.515073 -0.881441
1.61662 -0.488178 -0.89675
1.62162 -0.46083 -0.911226
1.62663 -0.433054 -0.924855
1.63163 -0.404876 -0.937625
1.63664 -0.376322 -0.949525
1.64164 -0.347419 -0.960544
1.64665 -0.318193 -0.970671
1.65165 -0.288671 -0.979897
1.65666 -0.258883 -0.988214
1.66166 -0.228853 -0.995615
1.66667 -0.198612 -1.00209
1.67167 -0.168186 -1.00764
1.67668 -0.137605 -1.01225
1.68168 -0.106895 -1.01593
1.68669 -0.076087 -1.01866
1.69169 -0.045208 -1.02044
1.6967 -0.014287 -1.02128
1.7017 0.0166472 -1.02117
1.70671 0.047566 -1.02012
1.71171 0.0784406 -1.01811
1.71672 0.109242 -1.01517
1.72172 0.139943 -1.01127
1.72673 0.170513 -1.00644
1.73173 0.200925 -1.00068
1.73674 0.23115 -0.993978
1.74174 0.26116 -0.986355
1.74675 0.290926 -0.977815
1.75175 0.320422 -0.968364
1.75676 0.34962 -0.958011
1.76176 0.378491 -0.946765
1.76677 0.407009 -0.934635
1.77177 0.435148 -0.921634
1.77678 0.46288 -0.907772
1.78178 0.49018 -0.893062
1.78679 0.517022 -0.877516
1.79179 0.543379 -0.86115
1.7968 0.569228 -0.843977
1.8018 0.594543 -0.826013
1.80681 0.619301 -0.807275
1.81181 0.643478 -0.787779
1.81682 0.66705 -0.767543
1.82182 0.689996 -0.746586
1.82683 0.712292 -0.724926
1.83183 0.733917 -0.702584
1.83684 0.75485 -0.679579
1.84184 0.775072 -0.655933
1.84685 0.794561 -0.631668
1.85185 0.8133 -0.606806
1.85686 0.831269 -0.58137
1.86186 0.848451 -0.555383
1.86687 0.864829 -0.52887
1.87187 0.880386 -0.501855
1.87688 0.895107 -0.474363
1.88188 0.908977 -0.446421
1.88689 0.921982 -0.418053
1.89189 0.934108 -0.389287
1.8969 0.945344 -0.36015
1.9019 0.955677 -0.330669
1.90691 0.965096 -0.300872
1.91191 0.973592 -0.270788
1.91692 0.981156 -0.240443
1.92192 0.987779 -0.209869
1.92693 0.993454 -0.179092
1.93193 0.998174 -0.148144
1.93694 1.00193 -0.117053
1.94194 1.00473 -0.0858498
1.94695 1.00656 -0.0545636
1.95195 1.00741 -0.0232247
1.95696 1.0073 0.0081366
1.96196 1.0062 0.0394901
1.96697 1.00414 0.0708053
1.97197 1.0011 0.102052
1.97698 0.997089 0.1332
1.98198 0.992112 0.164218
1.98699 0.986169 0.195076
1.99199 0.979268 0.225745
1.997 0.971412 0.256194
2.002 0.96261 0.286394
2.00701 0.952868 0.316313
2.01201 0.942196 0.345924
2.01702 0.930602 0.375197
2.02202 0.918098 0.404102
2.02703 0.904695 0.432612
2.03203 0.890404 0.460698
2.03704 0.875241 0.488332
2.04204 0.859218 0.515486
2.04705 0.84235 0.542134
2.05205 0.824655 0.568248
2.05706 0.806147 0.593803
2.06206 0.786846 0.618774
2.06707 0.766769 0.643134
2.07207 0.745936 0.666861
2.07708 0.724366 0.689929
2.08208 0.702082 0.712315
2.08709 0.679103 0.733998
2.09209 0.655453 0.754955
2.0971 0.631155 0.775165
2.1021 0.606232 0.794608
2.10711 0.580708 0.813264
2.11211 0.554609 0.831115
2.11712 0.527961 0.848141
2.12212 0.500789 0.864326
2.12713 0.47312 0.879655
2.13213 0.444981 0.89411
2.13714 0.416401 0.907677
2.14214 0.387408 0.920344
2.14715 0.35803 0.932096
2.15215 0.328296 0.942923
2.15716 0.298236 0.952813
2.16216 0.267879 0.961756
2.16717 0.237257 0.969743
2.17217 0.206398 0.976767
2.17718 0.175335 0.982819
2.18218 0.144097 0.987895
2.18719 0.112716 0.99199
2.19219 0.0812233 0.995098
2.1972 0.0496496 0.997217
2.2022 0.0180265 0.998346
2.20721 -0.0136144 0.998482
2.21221 -0.0452418 0.997627
2.21722 -0.0768243 0.995782
2.22222 -0.108331 0.992947
2.22723 -0.139729 0.989127
2.23223 -0.170989 0.984326
2.23724 -0.20208 0.978548
2.24224 -0.23297 0.9718
2.24725 -0.263629 0.964089
2.25225 -0.294027 0.955423
2.25726 -0.324134 0.945811
2.26226 -0.35392 0.935262
2.26727 -0.383356 0.923789
2.27227 -0.412413 0.911402
2.27728 -0.441062 0.898114
2.28228 -0.469276 0.88394
2.28729 -0.497027 0.868893
2.29229 -0.524287 0.852989
2.2973 -0.551031 0.836244
2.3023 -0.577232 0.818676
2.30731 -0.602865 0.800302
2.31231 -0.627905 0.781141
2.31732 -0.652327 0.761212
2.32232 -0.67611 0.740536
2.32733 -0.699229 0.719133
2.33233 -0.721662 0.697025
2.33734 -0.743388 0.674234
2.34234 -0.764387 0.650784
2.34735 -0.784638 0.626697
2.35235 -0.804123 0.601997
2.35736 -0.822823 0.57671
2.36236 -0.84072 0.550861
2.36737 -0.857798 0.524475
2.37237 -0.874041 0.497578
2.37738 -0.889435 0.470197
2.38238 -0.903963 0.44236
2.38739 -0.917615 0.414093
2.39239 -0.930376 0.385425
2.3974 -0.942237 0.356383
2.4024 -0.953185 0.326996
2.40741 -0.963212 0.297293
2.41241 -0.972308 0.267303
2.41742 -0.980466 0.237055
2.42242 -0.987679 0.206579
2.42743 -0.993941 0.175903
2.43243 -0.999246 0.145058
2.43744 -1.00359 0.114074
2.44244 -1.00697 0.0829807
2.44745 -1.00939 0.0518075
2.45245 -1.01084 0.0205846
2.45746 -1.01132 -0.010658
2.46246 -1.01083 -0.0418904
2.46747 -1.00938 -0.0730828
2.47247 -1.00696 -0.104205
2.47748 -1.00359 -0.135229
2.48248 -0.999253 -0.166123
2.48749 -0.993969 -0.196859
2.49249 -0.98774 -0.227408
2.4975 -0.980573 -0.257741
2.5025 -0.972475 -0.28783
2.50751 -0.963454 -0.317645
2.51251 -0.95352 -0.347159
2.51752 -0.942684 -0.376345
2.52252 -0.930956 -0.405174
2.52753 -0.918347 -0.433621
2.53253 -0.904872 -0.461658
2.53754 -0.890542 -0.489259
2.54254 -0.875372 -0.516399
2.54755 -0.859378 -0.543053
2.55255 -0.842574 -0.569194
2.55756 -0.824978 -0.594801
2.56256 -0.806605 -0.619848
2.56757 -0.787475 -0.644312
2.57257 -0.767605 -0.668172
2.57758 -0.747015 -0.691404
2.58258 -0.725724 -0.713987
2.58759 -0.703752 -0.735902
2.59259 -0.681121 -0.757127
2.5976 -0.657853 -0.777642
2.6026 -0.633968 -0.79743
2.60761 -0.609491 -0.816472
2.61261 -0.584443 -0.83475
2.61762 -0.558849 -0.852248
2.62262 -0.532733 -0.86895
2.62763 -0.506119 -0.884839
2.63263 -0.479033 -0.899903
2.63764 -0.451499 -0.914127
2.64264 -0.423544 -0.927497
2.64765 -0.395194 -0.940002
2.65265 -0.366476 -0.95163
2.65766 -0.337415 -0.962371
2.66266 -0.30804 -0.972214
2.66767 -0.278377 -0.981151
2.67267 -0.248456 -0.989173
2.67768 -0.218302 -0.996273
2.68268 -0.187945 -1.00244
2.68769 -0.157413 -1.00768
2.69269 -0.126734 -1.01198
2.6977 -0.0959367 -1.01533
2.7027 -0.0650502 -1.01774
2.70771 -0.034103 -1.0192
2.71271 -0.00312408 -1.01971
2.71772 0.0278578 -1.01926
2.72272 0.0588137 -1.01787
2.72773 0.0897147 -1.01553
2.73273 0.120532 -1.01224
2.73774 0.151237 -1.008
2.74274 0.1818 -1.00282
2.74775 0.212194 -0.996711
2.75275 0.24239 -0.989666
2.75776 0.272359 -0.981697
2.76276 0.302073 -0.972809
2.76777 0.331505 -0.963011
2.77277 0.360626 -0.952312
2.77778 0.38941 -0.940722
2.78278 0.417829 -0.92825
2.78779 0.445856 -0.914908
2.79279 0.473466 -0.900708
2.7978 0.500631 -0.885663
2.8028 0.527325 -0.869786
2.80781 0.553525 -0.853092
2.81281 0.579204 -0.835597
2.81782 0.604339 -0.817315
2.82282 0.628904 -0.798264
2.82783 0.652877 -0.778461
2.83283 0.676235 -0.757924
2.83784 0.698955 -0.736672
2.84284 0.721015 -0.714725
2.84785 0.742394 -0.692103
2.85285 0.763071 -0.668826
2.85786 0.783026 -0.644916
2.86286 0.802239 -0.620396
2.86787 0.820692 -0.595288
2.87287 0.838367 -0.569615
2.87788 0.855245 -0.543401
2.88288 0.871311 -0.516671
2.88789 0.886549 -0.48945
2.89289 0.900943 -0.461763
2.8979 0.914478 -0.433635
2.9029 0.927141 -0.405095
2.90791 0.93892 -0.376168
2.91291 0.949801 -0.346881
2.91792 0.959775 -0.317263
2.92292 0.96883 -0.287341
2.92793 0.976957 -0.257144
2.93293 0.984147 -0.2267
2.93794 0.990393 -0.196039
2.94294 0.995688 -0.16519
2.94795 1.00003 -0.134181
2.95295 1.0034 -0.103044
2.95796 1.00581 -0.0718073
2.96296 1.00725 -0.0405015
2.96797 1.00772 -0.00915651
2.97297 1.00721 0.0221973
2.97798 1.00573 0.0535296
2.98298 1.00328 0.0848102
2.98799 0.999851 0.116009
2.99299 0.995457 0.147095
2.998 0.990097 0.178038
3.003 0.983776 0.208808
3.00801 0.976499 0.239376
3.01301 0.968272 0.26971
3.01802 0.959103 0.299782
3.02302 0.948999 0.329562
3.02803 0.93797 0.359021
3.03303 0.926025 0.388129
3.03804 0.913177 0.416859
3.04304 0.899435 0.445181
3.04805 0.884814 0.473067
3.05305 0.869327 0.500491
3.05806 0.852989 0.527424
3.06306 0.835815 0.55384
3.06807 0.81782 0.579713
3.07307 0.799024 0.605018
3.07808 0.779442 0.629728
3.08308 0.759095 0.653819
3.08809 0.738001 0.677268
3.09309 0.716182 0.70005
3.0981 0.693657 0.722143
3.1031 0.670449 0.743525
3.10811 0.646581 0.764175
3.11311 0.622076 0.784071
3.11812 0.596957 0.803194
3.12312 0.571249 0.821524
3.12813 0.544977 0.839044
3.13313 0.518167 0.855736
3.13814 0.490846 0.871582
3.14314 0.463039 0.886567
3.14815 0.434775 0.900677
3.15315 0.406081 0.913895
3.15816 0.376986 0.926211
3.16316 0.347518 0.93761
3.16817 0.317706 0.948082
3.17317 0.28758 0.957617
3.17818 0.25717 0.966204
3.18318 0.226505 0.973835
3.18819 0.195616 0.980502
3.19319 0.164533 0.986199
3.1982 0.133288 0.990921
3.2032 0.10191 0.994662
3.20821 0.0704322 0.997419
3.21321 0.0388844 0.999189
3.21822 0.00729817 0.999971
3.22322 -0.0242953 0.999764
3.22823 -0.0558648 0.998568
3.23323 -0.087379 0.996385
3.23824 -0.118807 0.993218
3.24324 -0.150117 0.989068
3.24825 -0.181279 0.983942
3.25325 -0.212263 0.977844
3.25826 -0.243036 0.97078
3.26326 -0.27357 0.962758
3.26827 -0.303834 0.953787
3.27327 -0.333798 0.943875
3.27828 -0.363433 0.933033
3.28328 -0.39271 0.921271
3.28829 -0.4216 0.908602
3.29329 -0.450076 0.895039
3.2983 -0.478108 0.880595
3.3033 -0.505671 0.865285
3.30831 -0.532736 0.849125
3.31331 -0.559279 0.832131
3.31832 -0.585272 0.81432
3.32332 -0.610691 0.795711
3.32833 -0.635512 0.776321
3.33333 -0.65971 0.756171
3.33834 -0.683262 0.735281
3.34334 -0.706146 0.713671
3.34835 -0.72834 0.691364
3.35335 -0.749822 0.668381
3.35836 -0.770572 0.644746
3.36336 -0.79057 0.620482
3.36837 -0.809798 0.595613
3.37337 -0.828237 0.570165
3.37838 -0.84587 0.544161
3.38338 -0.862681 0.517628
3.38839 -0.878654 0.490592
3.39339 -0.893773 0.463081
3.3984 -0.908026 0.435119
3.4034 -0.921399 0.406737
3.40841 -0.933879 0.37796
3.41341 -0.945456 0.348817
3.41842 -0.956119 0.319338
3.42342 -0.965858 0.28955
3.42843 -0.974666 0.259482
3.43343 -0.982533 0.229165
3.43844 -0.989454 0.198626
3.44344 -0.995423 0.167897
3.44845 -1.00043 0.137006
3.45345 -1.00448 0.105983
3.45846 -1.00757 0.0748583
3.46346 -1.00969 0.043662
3.46847 -1.01084 0.0124238
3.47347 -1.01102 -0.0188262
3.47848 -1.01024 -0.0500583
3.48348 -1.00849 -0.0812425
3.48849 -1.00577 -0.112349
3.49349 -1.0021 -0.143348
3.4985 -0.997472 -0.174211
3.5035 -0.991892 -0.204908
3.50851 -0.985368 -0.235409
3.51351 -0.977906 -0.265687
3.51852 -0.969515 -0.295712
3.52352 -0.960202 -0.325456
3.52853 -0.949978 -0.354891
3.53353 -0.938853 -0.383989
3.53854 -0.926838 -0.412724
3.54354 -0.913945 -0.441067
3.54855 -0.900187 -0.468993
3.55355 -0.885577 -0.496475
3.55856 -0.870131 -0.523488
3.56356 -0.853862 -0.550007
3.56857 -0.836787 -0.576006
3.57357 -0.818922 -0.601462
3.57858 -0.800285 -0.62635
3.58358 -0.780894 -0.650648
3.58859 -0.760767 -0.674333
3.59359 -0.739924 -0.697384
3.5986 -0.718385 -0.719778
3.6036 -0.69617 -0.741495
3.60861 -0.6733 -0.762515
3.61361 -0.649798 -0.782818
3.61862 -0.625686 -0.802386
3.62362 -0.600986 -0.821201
3.62863 -0.575721 -0.839245
3.63363 -0.549917 -0.856501
3.63864 -0.523597 -0.872954
3.64364 -0.496786 -0.888588
3.64865 -0.469509 -0.90339
3.65365 -0.441792 -0.917345
3.65866 -0.413661 -0.93044
3.66366 -0.385143 -0.942663
3.66867 -0.356264 -0.954004
3.67367 -0.327051 -0.964451
3.67868 -0.297532 -0.973996
3.68368 -0.267734 -0.982628
3.68869 -0.237686 -0.99034
3.69369 -0.207415 -0.997125
3.6987 -0.17695 -1.00298
3.7037 -0.14632 -1.00789
3.70871 -0.115552 -1.01186
3.71371 -0.0846767 -1.01488
3.71872 -0.0537218 -1.01695
3.72372 -0.0227165 -1.01807
3.72873 0.00831001 -1.01824
3.73373 0.0393287 -1.01745
3.73874 0.0703107 -1.01571
3.74374 0.101227 -1.01302
3.74875 0.132048 -1.00938
3.75375 0.162745 -1.00479
3.75876 0.19329 -0.999262
3.76376 0.223654 -0.992795
3.76877 0.253807 -0.985397
3.77377 0.283723 -0.977075
3.77878 0.313372 -0.967834
3.78378 0.342727 -0.957685
3.78879 0.37176 -0.946637
3.79379 0.400443 -0.934698
3.7988 0.42875 -0.921881
3.8038 0.456654 -0.908196
3.80881 0.484127 -0.893656
3.81381 0.511145 -0.878275
3.81882 0.537681 -0.862067
3.82382 0.563711 -0.845046
3.82883 0.589208 -0.827227
3.83383 0.61415 -0.808628
3.83884 0.638512 -0.789266
3.84384 0.66227 -0.769157
3.84885 0.685402 -0.748322
3.85385 0.707886 -0.726778
3.85886 0.7297 -0.704547
3.86386 0.750822 -0.681648
3.86887 0.771233 -0.658103
3.87387 0.790912 -0.633933
3.87888 0.80984 -0.609162
3.88388 0.827999 -0.583812
3.88889 0.84537 -0.557907
3.89389 0.861938 -0.531472
3.8989 0.877685 -0.50453
3.9039 0.892595 -0.477107
3.90891 0.906655 -0.44923
3.91391 0.919849 -0.420924
3.91892 0.932165 -0.392216
3.92392 0.94359 -0.363133
3.92893 0.954113 -0.333703
3.93393 0.963722 -0.303954
3.93894 0.972408 -0.273913
3.94394 0.980161 -0.24361
3.94895 0.986975 -0.213072
3.95395 0.99284 -0.182331
3.95896 0.997751 -0.151414
3.96396 1.0017 -0.120351
3.96897 1.00469 -0.0891727
3.97397 1.00671 -0.0579083
3.97898 1.00776 -0.0265881
3.98398 1.00783 0.00475771
3.98899 1.00694 0.036099
3.99399 1.00507 0.0674053
3.999 1.00223 0.0986465
4.004 0.998414 0.129792
4.00901 0.993635 0.160812
4.01401 0.987893 0.191676
4.01902 0.981192 0.222354
4.02402 0.973539 0.252817
4.02903 0.96494 0.283033
4.03403 0.955404 0.312975
4.03904 0.944937 0.342612
4.04404 0.933551 0.371915
4.04905 0.921255 0.400857
4.05405 0.908061 0.429407
4.05906 0.893981 0.457538
4.06406 0.879029 0.485223
4.06907 0.863218 0.512434
4.07407 0.846564 0.539145
4.07908 0.829081 0.565328
4.08408 0.810788 0.590958
4.08909 0.791701 0.616009
4.09409 0.771838 0.640457
4.0991 0.751219 0.664277
4.1041 0.729864 0.687446
4.10911 0.707792 0.709941
4.11411 0.685026 0.731739
4.11912 0.661588 0.752819
4.12412 0.637499 0.773159
4.12913 0.612784 0.792739
4.13413 0.587467 0.811541
4.13914 0.561572 0.829544
4.14414 0.535125 0.846731
4.14915 0.508151 0.863086
4.15415 0.480678 0.878591
4.15916 0.452731 0.893231
4.16416 0.424338 0.906991
4.16917 0.395527 0.919858
4.17417 0.366327 0.931819
4.17918 0.336766 0.942862
4.18418 0.306873 0.952976
4.18919 0.276677 0.962151
4.19419 0.246209 0.970378
4.1992 0.215498 0.977648
4.2042 0.184575 0.983955
4.20921 0.15347 0.989292
4.21421 0.122214 0.993654
4.21922 0.0908368 0.997036
4.22422 0.0593705 0.999436
4.22923 0.0278457 1.00085
4.23423 -0.00370659 1.00128
4.23924 -0.0352552 1.00072
4.24424 -0.0667691 0.999179
4.24925 -0.0982172 0.996652
4.25425 -0.129569 0.993143
4.25926 -0.160792 0.988656
4.26426 -0.191858 0.983197
4.26927 -0.222735 0.97677
4.27427 -0.253393 0.969382
4.27928 -0.283801 0.961041
4.28428 -0.313931 0.951756
4.28929 -0.343752 0.941535
4.29429 -0.373235 0.930389
4.2993 -0.402352 0.91833
4.3043 -0.431075 0.905369
4.30931 -0.459374 0.891521
4.31431 -0.487223 0.876798
4.31932 -0.514594 0.861215
4.32432 -0.541461 0.844789
4.32933 -0.567798 0.827536
4.33433 -0.593579 0.809473
4.33934 -0.61878 0.790619
4.34434 -0.643376 0.770991
4.34935 -0.667343 0.750611
4.35435 -0.690659 0.729497
4.35936 -0.713301 0.707672
4.36436 -0.735247 0.685156
4.36937 -0.756477 0.661973
4.37437 -0.77697 0.638145
4.37938 -0.796706 0.613696
4.38438 -0.815668 0.58865
4.38939 -0.833837 0.563032
4.39439 -0.851196 0.536867
4.3994 -0.867729 0.510181
4.4044 -0.88342 0.483
4.40941 -0.898255 0.455351
4.41441 -0.91222 0.42726
4.41942 -0.925302 0.398757
4.42442 -0.937489 0.369867
4.42943 -0.94877 0.34062
4.43443 -0.959135 0.311045
4.43944 -0.968574 0.281169
4.44444 -0.977079 0.251022
4.44945 -0.984643 0.220633
4.45445 -0.991258 0.190031
4.45946 -0.99692 0.159247
4.46446 -1.00162 0.128309
4.46947 -1.00536 0.0972488
4.47447 -1.00814 0.0660948
4.47948 -1.00995 0.0348773
4.48448 -1.01079 0.00362646
4.48949 -1.01066 -0.0276279
4.49449 -1.00956 -0.0588558
4.4995 -1.0075 -0.0900274
4.5045 -1.00448 -0.121113
4.50951 -1.0005 -0.152083
4.51451 -0.995557 -0.182908
4.51952 -0.989669 -0.213558
4.52452 -0.982837 -0.244004
4.52953 -0.975069 -0.274219
4.53453 -0.966373 -0.304172
4.53954 -0.956758 -0.333836
4.54454 -0.946232 -0.363182
4.54955 -0.934808 -0.392183
4.55455 -0.922496 -0.420812
4.55956 -0.909309 -0.449042
4.56456 -0.89526 -0.476846
4.56957 -0.880361 -0.504197
4.57457 -0.864629 -0.531071
4.57958 -0.848078 -0.557443
4.58458 -0.830725 -0.583286
4.58959 -0.812586 -0.608578
4.59459 -0.793678 -0.633295
4.5996 -0.774021 -0.657413
4.6046 -0.753633 -0.680911
4.60961 -0.732533 -0.703765
4.61461 -0.710742 -0.725956
4.61962 -0.68828 -0.747462
4.62462 -0.66517 -0.768263
4.62963 -0.641432 -0.788339
4.63463 -0.61709 -0.807673
4.63964 -0.592167 -0.826247
4.64464 -0.566687 -0.844042
4.64965 -0.540673 -0.861043
4.65465 -0.51415 -0.877233
4.65966 -0.487143 -0.892598
4.66466 -0.459679 -0.907124
4.66967 -0.431781 -0.920796
4.67467 -0.403478 -0.933603
4.67968 -0.374796 -0.945532
4.68468 -0.345761 -0.956573
4.68969 -0.316402 -0.966714
4.69469 -0.286745 -0.975947
4.6997 -0.256819 -0.984263
4.7047 -0.226651 -0.991654
4.70971 -0.19627 -0.998113
4.71471 -0.165705 -1.00363
4.71972 -0.134984 -1.00821
4.72472 -0.104137 -1.01184
4.72973 -0.0731916 -1.01452
4.73473 -0.0421774 -1.01625
4.73974 -0.0111236 -1.01702
4.74474 0.0199407 -1.01684
4.74975 0.0509862 -1.0157
4.75475 0.0819838 -1.01361
4.75976 0.112904 -1.01056
4.76476 0.143719 -1.00656
4.76977 0.174398 -1.00162
4.77477 0.204913 -0.995729
4.77978 0.235235 -0.988904
4.78478 0.265336 -0.981149
4.78979 0.295186 -0.972469
4.79479 0.324759 -0.962874
4.7998 0.354026 -0.952371
4.8048 0.382959 -0.94097
4.80981 0.411531 -0.928683
4.81481 0.439714 -0.915519
4.81982 0.467483 -0.901491
4.82482 0.49481 -0.886611
4.82983 0.52167 -0.870895
4.83483 0.548037 -0.854355
4.83984 0.573886 -0.837008
4.84484 0.599192 -0.818869
4.84985 0.623931 -0.799954
4.85485 0.648079 -0.780283
4.85986 0.671613 -0.759872
4.86486 0.69451 -0.738741
4.86987 0.716749 -0.716909
4.87487 0.738308 -0.694397
4.87988 0.759165 -0.671226
4.88488 0.779302 -0.647417
4.88989 0.798697 -0.622992
4.89489 0.817333 -0.597975
4.8999 0.835191 -0.572389
4.9049 0.852253 -0.546257
4.90991 0.868503 -0.519605
4.91491 0.883925 -0.492457
4.91992 0.898503 -0.46484
4.92492 0.912223 -0.436778
4.92993 0.925072 -0.408299
4.93493 0.937036 -0.37943
4.93994 0.948103 -0.350198
4.94494 0.958263 -0.32063
4.94995 0.967504 -0.290755
4.95495 0.975818 -0.260602
4.95996 0.983196 -0.230198
4.96496 0.989629 -0.199573
4.96997 0.995112 -0.168757
4.97497 0.999638 -0.137778
4.97998 1.0032 -0.106667
4.98498 1.0058 -0.0754529
4.98999 1.00743 -0.0441662
4.99499 1.00809 -0.012837
5 1.00777 0.0185046
