x y
-0.99998 -0.00628377
-0.999921 -0.0125673
-0.999821 -0.0188503
-0.999682 -0.0251326
-0.999503 -0.0314139
-0.999285 -0.0376939
-0.999027 -0.0439724
-0.998729 -0.0502492
-0.998391 -0.056524
-0.998014 -0.0627965
-0.997597 -0.0690666
-0.99714 -0.0753339
-0.996644 -0.0815982
-0.996108 -0.0878592
-0.995533 -0.0941168
-0.994918 -0.100371
-0.994263 -0.10662
-0.993569 -0.112866
-0.992836 -0.119107
-0.992063 -0.125344
-0.991251 -0.131575
-0.990399 -0.137801
-0.989508 -0.144022
-0.988577 -0.150237
-0.987608 -0.156446
-0.986599 -0.162649
-0.98555 -0.168845
-0.984463 -0.175035
-0.983336 -0.181217
-0.982171 -0.187393
-0.980966 -0.193561
-0.979723 -0.199721
-0.97844 -0.205873
-0.977119 -0.212018
-0.975758 -0.218153
-0.974359 -0.22428
-0.972921 -0.230399
-0.971445 -0.236508
-0.96993 -0.242607
-0.968376 -0.248697
-0.966784 -0.254777
-0.965153 -0.260847
-0.963484 -0.266907
-0.961777 -0.272956
-0.960031 -0.278994
-0.958247 -0.285021
-0.956425 -0.291036
-0.954565 -0.297041
-0.952668 -0.303033
-0.950732 -0.309013
-0.948758 -0.314981
-0.946747 -0.320936
-0.944698 -0.326879
-0.942611 -0.332809
-0.940487 -0.338725
-0.938326 -0.344628
-0.936127 -0.350517
-0.933891 -0.356393
-0.931618 -0.362254
-0.929308 -0.3681
-0.92696 -0.373932
-0.924576 -0.379749
-0.922155 -0.385552
-0.919698 -0.391338
-0.917204 -0.397109
-0.914673 -0.402865
-0.912106 -0.408604
-0.909502 -0.414327
-0.906863 -0.420034
-0.904187 -0.425723
-0.901475 -0.431396
-0.898728 -0.437052
-0.895944 -0.44269
-0.893125 -0.448311
-0.890271 -0.453914
-0.887381 -0.459498
-0.884455 -0.465065
-0.881495 -0.470613
-0.878499 -0.476142
-0.875468 -0.481652
-0.872403 -0.487143
-0.869302 -0.492615
-0.866167 -0.498067
-0.862998 -0.503499
-0.859794 -0.508911
-0.856556 -0.514303
-0.853284 -0.519674
-0.849977 -0.525025
-0.846637 -0.530355
-0.843263 -0.535663
-0.839856 -0.540951
-0.836415 -0.546216
-0.832941 -0.55146
-0.829433 -0.556682
-0.825893 -0.561882
-0.822319 -0.567059
-0.818713 -0.572214
-0.815074 -0.577346
-0.811403 -0.582455
-0.807699 -0.58754
-0.803963 -0.592602
-0.800195 -0.597641
-0.796395 -0.602656
-0.792563 -0.607646
-0.7887 -0.612613
-0.784805 -0.617555
-0.780879 -0.622472
-0.776922 -0.627365
-0.772934 -0.632232
-0.768915 -0.637075
-0.764865 -0.641892
-0.760785 -0.646683
-0.756674 -0.651448
-0.752533 -0.656188
-0.748362 -0.660901
-0.744161 -0.665588
-0.739931 -0.670248
-0.735671 -0.674881
-0.731381 -0.679488
-0.727062 -0.684067
-0.722715 -0.688619
-0.718338 -0.693144
-0.713933 -0.697641
-0.709499 -0.70211
-0.705037 -0.706551
-0.700547 -0.710964
-0.696028 -0.715348
-0.691482 -0.719704
-0.686908 -0.724031
-0.682307 -0.728329
-0.677679 -0.732598
-0.673023 -0.736837
-0.668341 -0.741047
-0.663631 -0.745228
-0.658896 -0.749379
-0.654134 -0.753499
-0.649345 -0.75759
-0.644531 -0.76165
-0.639691 -0.76568
-0.634825 -0.769679
-0.629934 -0.773648
-0.625018 -0.777585
-0.620077 -0.781491
-0.615111 -0.785367
-0.61012 -0.78921
-0.605105 -0.793022
-0.600066 -0.796803
-0.595002 -0.800551
-0.589915 -0.804267
-0.584804 -0.807951
-0.57967 -0.811603
-0.574513 -0.815222
-0.569332 -0.818809
-0.564129 -0.822363
-0.558903 -0.825884
-0.553655 -0.829371
-0.548384 -0.832826
-0.543092 -0.836247
-0.537778 -0.839635
-0.532442 -0.842989
-0.527085 -0.846309
-0.521707 -0.849595
-0.516308 -0.852847
-0.510888 -0.856065
-0.505447 -0.859249
-0.499987 -0.862398
-0.494506 -0.865513
-0.489006 -0.868592
-0.483485 -0.871638
-0.477946 -0.874648
-0.472387 -0.877622
-0.46681 -0.880562
-0.461213 -0.883467
-0.455598 -0.886335
-0.449965 -0.889169
-0.444314 -0.891966
-0.438645 -0.894728
-0.432958 -0.897454
-0.427254 -0.900144
-0.421532 -0.902798
-0.415794 -0.905415
-0.410039 -0.907996
-0.404268 -0.910541
-0.39848 -0.913049
-0.392677 -0.91552
-0.386857 -0.917954
-0.381022 -0.920352
-0.375172 -0.922712
-0.369306 -0.925036
-0.363426 -0.927322
-0.357531 -0.929571
-0.351622 -0.931782
-0.345699 -0.933957
-0.339761 -0.936093
-0.33381 -0.938192
-0.327846 -0.940253
-0.321868 -0.942276
-0.315878 -0.944262
-0.309874 -0.946209
-0.303859 -0.948118
-0.297831 -0.949989
-0.291791 -0.951822
-0.285739 -0.953616
-0.279676 -0.955372
-0.273601 -0.95709
-0.267516 -0.958769
-0.261419 -0.960409
-0.255313 -0.962011
-0.249196 -0.963574
-0.243068 -0.965098
-0.236931 -0.966583
-0.230785 -0.968029
-0.224629 -0.969437
-0.218464 -0.970805
-0.21229 -0.972134
-0.206108 -0.973423
-0.199918 -0.974674
-0.193719 -0.975885
-0.187513 -0.977057
-0.181299 -0.978189
-0.175077 -0.979282
-0.168849 -0.980335
-0.162614 -0.981349
-0.156372 -0.982323
-0.150124 -0.983258
-0.14387 -0.984152
-0.13761 -0.985007
-0.131344 -0.985823
-0.125073 -0.986598
-0.118797 -0.987334
-0.112517 -0.988029
-0.106232 -0.988685
-0.099942 -0.989301
-0.0936484 -0.989877
-0.0873511 -0.990412
-0.0810502 -0.990908
-0.074746 -0.991364
-0.0684389 -0.991779
-0.0621289 -0.992155
-0.0558165 -0.99249
-0.0495017 -0.992786
-0.043185 -0.993041
-0.0368666 -0.993255
-0.0305466 -0.99343
-0.0242254 -0.993565
-0.0179032 -0.993659
-0.0115803 -0.993713
-0.00525697 -0.993727
0.00106661 -0.9937
0.00739015 -0.993633
0.0137134 -0.993526
0.0200361 -0.993379
0.0263579 -0.993192
0.0326788 -0.992964
0.0389982 -0.992696
0.0453161 -0.992388
0.0516322 -0.99204
0.0579462 -0.991651
0.0642578 -0.991222
0.0705668 -0.990753
0.076873 -0.990244
0.083176 -0.989695
0.0894756 -0.989106
0.0957717 -0.988476
0.102064 -0.987806
0.108352 -0.987097
0.114635 -0.986347
0.120914 -0.985557
0.127188 -0.984727
0.133457 -0.983857
0.139721 -0.982948
0.145979 -0.981998
0.15223 -0.981008
0.158476 -0.979979
0.164715 -0.97891
0.170948 -0.977801
0.177174 -0.976652
0.183392 -0.975464
0.189603 -0.974236
0.195806 -0.972968
0.202001 -0.971661
0.208189 -0.970314
0.214367 -0.968928
0.220537 -0.967503
0.226698 -0.966038
0.23285 -0.964534
0.238992 -0.96299
0.245124 -0.961408
0.251247 -0.959786
0.257359 -0.958126
0.263461 -0.956426
0.269552 -0.954687
0.275632 -0.95291
0.281701 -0.951093
0.287759 -0.949238
0.293805 -0.947345
0.299838 -0.945413
0.30586 -0.943442
0.311869 -0.941433
0.317866 -0.939385
0.323849 -0.937299
0.329819 -0.935175
0.335776 -0.933013
0.341719 -0.930813
0.347648 -0.928575
0.353563 -0.926299
0.359464 -0.923986
0.36535 -0.921634
0.371221 -0.919245
0.377077 -0.916819
0.382918 -0.914355
0.388743 -0.911854
0.394552 -0.909316
0.400345 -0.90674
0.406121 -0.904128
0.411881 -0.901479
0.417625 -0.898793
0.423351 -0.89607
0.42906 -0.89331
0.434751 -0.890515
0.440425 -0.887682
0.44608 -0.884814
0.451718 -0.881909
0.457337 -0.878969
0.462937 -0.875992
0.468519 -0.87298
0.474081 -0.869932
0.479624 -0.866849
0.485147 -0.86373
0.49065 -0.860575
0.496134 -0.857386
0.501597 -0.854161
0.50704 -0.850902
0.512461 -0.847608
0.517862 -0.844279
0.523242 -0.840916
0.5286 -0.837518
0.533937 -0.834086
0.539252 -0.83062
0.544545 -0.82712
0.549815 -0.823586
0.555063 -0.820018
0.560289 -0.816417
0.565491 -0.812782
0.57067 -0.809114
0.575826 -0.805413
0.580959 -0.801679
0.586067 -0.797912
0.591152 -0.794113
0.596212 -0.790281
0.601248 -0.786416
0.606259 -0.78252
0.611246 -0.778591
0.616207 -0.77463
0.621143 -0.770638
0.626054 -0.766614
0.630939 -0.762559
0.635798 -0.758472
0.640631 -0.754355
0.645438 -0.750206
0.650218 -0.746027
0.654972 -0.741817
0.659699 -0.737576
0.664399 -0.733306
0.669071 -0.729005
0.673716 -0.724675
0.678334 -0.720314
0.682923 -0.715924
0.687485 -0.711505
0.692018 -0.707057
0.696524 -0.702579
0.701 -0.698073
0.705448 -0.693538
0.709866 -0.688975
0.714256 -0.684383
0.718616 -0.679764
0.722947 -0.675116
0.727248 -0.670441
0.731519 -0.665738
0.735761 -0.661007
0.739971 -0.65625
0.744152 -0.651466
0.748302 -0.646655
0.752421 -0.641817
0.75651 -0.636953
0.760567 -0.632063
0.764593 -0.627147
0.768588 -0.622205
0.772551 -0.617237
0.776482 -0.612244
0.780381 -0.607226
0.784249 -0.602183
0.788084 -0.597116
0.791886 -0.592023
0.795657 -0.586907
0.799394 -0.581766
0.803098 -0.576601
0.80677 -0.571413
0.810408 -0.566201
0.814013 -0.560966
0.817585 -0.555708
0.821123 -0.550427
0.824627 -0.545123
0.828097 -0.539797
0.831533 -0.534448
0.834935 -0.529078
0.838303 -0.523686
0.841636 -0.518272
0.844934 -0.512837
0.848198 -0.507381
0.851427 -0.501904
0.85462 -0.496407
0.857779 -0.490889
0.860902 -0.48535
0.86399 -0.479792
0.867042 -0.474214
0.870059 -0.468616
0.873039 -0.463
0.875984 -0.457364
0.878893 -0.451709
0.881765 -0.446036
0.884601 -0.440344
0.887401 -0.434634
0.890164 -0.428906
0.892891 -0.423161
0.895581 -0.417398
0.898233 -0.411618
0.900849 -0.405821
0.903428 -0.400008
0.90597 -0.394177
0.908474 -0.388331
0.910941 -0.382469
0.91337 -0.37659
0.915761 -0.370697
0.918115 -0.364788
0.920431 -0.358864
0.922709 -0.352925
0.924949 -0.346972
0.927151 -0.341004
0.929315 -0.335022
0.931441 -0.329027
0.933528 -0.323018
0.935576 -0.316995
0.937586 -0.31096
0.939557 -0.304912
0.94149 -0.298851
0.943384 -0.292778
0.945239 -0.286692
0.947054 -0.280595
0.948831 -0.274487
0.950569 -0.268367
0.952268 -0.262236
0.953927 -0.256094
0.955547 -0.249942
0.957127 -0.243779
0.958668 -0.237606
0.96017 -0.231424
0.961632 -0.225232
0.963054 -0.21903
0.964436 -0.21282
0.965779 -0.206601
0.967082 -0.200373
0.968345 -0.194137
0.969568 -0.187893
0.970751 -0.181641
0.971894 -0.175382
0.972997 -0.169115
0.97406 -0.162842
0.975083 -0.156562
0.976065 -0.150275
0.977007 -0.143982
0.977909 -0.137684
0.97877 -0.131379
0.979591 -0.125069
0.980372 -0.118754
0.981112 -0.112434
0.981812 -0.10611
0.982471 -0.099781
0.98309 -0.0934479
0.983668 -0.087111
0.984205 -0.0807705
0.984702 -0.0744267
0.985159 -0.0680798
0.985574 -0.0617301
0.985949 -0.0553778
0.986283 -0.0490233
0.986577 -0.0426667
0.98683 -0.0363084
0.987042 -0.0299485
0.987213 -0.0235875
0.987344 -0.0172254
0.987434 -0.0108627
0.987483 -0.00449949
0.987492 0.00186389
0.987459 0.0082272
0.987386 0.0145902
0.987273 0.0209525
0.987118 0.027314
0.986923 0.0336744
0.986687 0.0400334
0.98641 0.0463907
0.986093 0.0527461
0.985734 0.0590994
0.985336 0.0654502
0.984896 0.0717983
0.984416 0.0781434
0.983895 0.0844853
0.983334 0.0908237
0.982732 0.0971584
0.98209 0.103489
0.981407 0.109815
0.980683 0.116137
0.97992 0.122454
0.979115 0.128766
0.978271 0.135073
0.977385 0.141374
0.97646 0.14767
0.975494 0.153959
0.974488 0.160242
0.973442 0.166518
0.972356 0.172787
0.971229 0.17905
0.970063 0.185304
0.968856 0.191552
0.96761 0.197791
0.966324 0.204022
0.964997 0.210245
0.963631 0.216459
0.962226 0.222664
0.96078 0.22886
0.959295 0.235047
0.95777 0.241223
0.956206 0.24739
0.954603 0.253547
0.95296 0.259693
0.951277 0.265829
0.949556 0.271953
0.947795 0.278067
0.945995 0.284169
0.944157 0.290259
0.942279 0.296337
0.940363 0.302403
0.938407 0.308456
0.936413 0.314497
0.934381 0.320525
0.93231 0.32654
0.9302 0.332541
0.928052 0.338528
0.925866 0.344502
0.923642 0.350461
0.921379 0.356406
0.919079 0.362336
0.916741 0.368251
0.914365 0.374151
0.911951 0.380036
0.9095 0.385905
0.907011 0.391758
0.904485 0.397595
0.901922 0.403415
0.899321 0.409219
0.896684 0.415006
0.894009 0.420776
0.891298 0.426529
0.88855 0.432264
0.885765 0.437981
0.882944 0.443681
0.880087 0.449361
0.877193 0.455024
0.874263 0.460668
0.871297 0.466292
0.868296 0.471898
0.865258 0.477484
0.862185 0.483051
0.859077 0.488597
0.855933 0.494124
0.852754 0.49963
0.849539 0.505115
0.84629 0.51058
0.843006 0.516024
0.839687 0.521446
0.836334 0.526847
0.832946 0.532227
0.829524 0.537584
0.826068 0.54292
0.822578 0.548233
0.819054 0.553523
0.815497 0.558791
0.811905 0.564036
0.808281 0.569257
0.804623 0.574455
0.800932 0.57963
0.797208 0.58478
0.793452 0.589907
0.789663 0.595009
0.785841 0.600087
0.781987 0.605141
0.778101 0.610169
0.774183 0.615172
0.770233 0.62015
0.766251 0.625103
0.762238 0.63003
0.758194 0.634931
0.754118 0.639806
0.750012 0.644654
0.745875 0.649476
0.741707 0.654272
0.737508 0.65904
0.73328 0.663782
0.729021 0.668496
0.724732 0.673183
0.720414 0.677842
0.716065 0.682473
0.711688 0.687077
0.707281 0.691652
0.702846 0.696198
0.698381 0.700716
0.693888 0.705206
0.689366 0.709666
0.684816 0.714098
0.680238 0.7185
0.675632 0.722872
0.670998 0.727215
0.666337 0.731528
0.661649 0.735811
0.656933 0.740064
0.65219 0.744287
0.647421 0.748479
0.642625 0.75264
0.637803 0.756771
0.632954 0.76087
0.62808 0.764938
0.62318 0.768975
0.618254 0.772981
0.613303 0.776954
0.608327 0.780896
0.603326 0.784806
0.598301 0.788684
0.59325 0.792529
0.588176 0.796342
0.583077 0.800123
0.577955 0.80387
0.572809 0.807585
0.567639 0.811267
0.562446 0.814915
0.55723 0.81853
0.551992 0.822112
0.546731 0.82566
0.541447 0.829174
0.536141 0.832654
0.530814 0.836101
0.525464 0.839513
0.520093 0.84289
0.514701 0.846233
0.509288 0.849542
0.503854 0.852816
0.498399 0.856055
0.492924 0.859259
0.487429 0.862427
0.481914 0.865561
0.476379 0.868659
0.470825 0.871722
0.465251 0.874749
0.459659 0.87774
0.454047 0.880696
0.448418 0.883615
0.442769 0.886499
0.437103 0.889346
0.431419 0.892157
0.425717 0.894931
0.419998 0.897669
0.414262 0.900371
0.408509 0.903035
0.402739 0.905663
0.396953 0.908254
0.391151 0.910807
0.385332 0.913324
0.379498 0.915803
0.373648 0.918245
0.367784 0.920649
0.361904 0.923016
0.356009 0.925346
0.3501 0.927637
0.344177 0.929891
0.338239 0.932107
0.332288 0.934285
0.326323 0.936424
0.320345 0.938526
0.314354 0.940589
0.30835 0.942614
0.302334 0.944601
0.296305 0.946549
0.290264 0.948459
0.284212 0.95033
0.278148 0.952162
0.272072 0.953956
0.265985 0.95571
0.259888 0.957426
0.25378 0.959103
0.247662 0.960741
0.241533 0.96234
0.235395 0.963899
0.229247 0.96542
0.22309 0.966901
0.216924 0.968343
0.210749 0.969745
0.204565 0.971108
0.198373 0.972432
0.192173 0.973716
0.185965 0.97496
0.17975 0.976165
0.173527 0.97733
0.167298 0.978455
0.161061 0.979541
0.154818 0.980587
0.148569 0.981593
0.142313 0.982559
0.136052 0.983485
0.129786 0.984372
0.123514 0.985218
0.117237 0.986024
0.110955 0.986791
0.104669 0.987517
0.0983783 0.988203
0.0920838 0.98885
0.0857856 0.989456
0.079484 0.990022
0.0731791 0.990547
0.0668712 0.991033
0.0605606 0.991478
0.0542476 0.991884
0.0479324 0.992249
0.0416152 0.992574
0.0352964 0.992858
0.0289761 0.993102
0.0226546 0.993307
0.0163322 0.99347
0.0100092 0.993594
0.00368574 0.993677
-0.00263785 0.99372
-0.00896134 0.993723
-0.0152845 0.993686
-0.021607 0.993608
-0.0279286 0.993491
-0.0342491 0.993333
-0.0405682 0.993134
-0.0468857 0.992896
-0.0532013 0.992617
-0.0595147 0.992299
-0.0658257 0.99194
-0.0721341 0.991541
-0.0784395 0.991102
-0.0847418 0.990623
-0.0910406 0.990103
-0.0973358 0.989544
-0.103627 0.988945
-0.109914 0.988306
-0.116197 0.987627
-0.122475 0.986908
-0.128747 0.986149
-0.135015 0.98535
-0.141278 0.984511
-0.147534 0.983633
-0.153785 0.982715
-0.160029 0.981757
-0.166267 0.98076
-0.172498 0.979723
-0.178723 0.978646
-0.18494 0.97753
-0.191149 0.976375
-0.197351 0.97518
-0.203545 0.973946
-0.209731 0.972673
-0.215908 0.97136
-0.222077 0.970008
-0.228236 0.968617
-0.234387 0.967187
-0.240528 0.965718
-0.246659 0.96421
-0.25278 0.962663
-0.258891 0.961077
-0.264992 0.959453
-0.271082 0.95779
-0.277161 0.956089
-0.283229 0.954348
-0.289286 0.95257
-0.295331 0.950753
-0.301364 0.948898
-0.307384 0.947004
-0.313393 0.945073
-0.319389 0.943103
-0.325372 0.941096
-0.331342 0.93905
-0.337298 0.936967
-0.343241 0.934846
-0.34917 0.932688
-0.355085 0.930491
-0.360986 0.928258
-0.366873 0.925987
-0.372744 0.923679
-0.378601 0.921334
-0.384442 0.918952
-0.390268 0.916533
-0.396078 0.914077
-0.401873 0.911584
-0.407651 0.909054
-0.413413 0.906488
-0.419158 0.903886
-0.424886 0.901247
-0.430597 0.898573
-0.436291 0.895862
-0.441968 0.893115
-0.447626 0.890332
-0.453267 0.887513
-0.45889 0.884659
-0.464494 0.881769
-0.470079 0.878844
-0.475646 0.875884
-0.481193 0.872888
-0.486722 0.869858
-0.49223 0.866792
-0.497719 0.863692
-0.503188 0.860557
-0.508637 0.857388
-0.514065 0.854184
-0.519473 0.850946
-0.52486 0.847674
-0.530226 0.844368
-0.53557 0.841028
-0.540894 0.837654
-0.546195 0.834247
-0.551475 0.830806
-0.556732 0.827332
-0.561967 0.823825
-0.56718 0.820285
-0.57237 0.816712
-0.577537 0.813106
-0.582681 0.809468
-0.587801 0.805797
-0.592898 0.802094
-0.597971 0.798359
-0.603021 0.794592
-0.608046 0.790793
-0.613047 0.786962
-0.618023 0.7831
-0.622975 0.779207
-0.627901 0.775282
-0.632803 0.771327
-0.637679 0.76734
-0.642529 0.763323
-0.647354 0.759275
-0.652154 0.755197
-0.656926 0.751089
-0.661673 0.746951
-0.666393 0.742782
-0.671087 0.738585
-0.675754 0.734357
-0.680393 0.7301
-0.685006 0.725814
-0.689591 0.721499
-0.694149 0.717155
-0.698679 0.712783
-0.703181 0.708382
-0.707654 0.703953
-0.7121 0.699495
-0.716517 0.69501
-0.720906 0.690497
-0.725265 0.685956
-0.729596 0.681388
-0.733898 0.676793
-0.73817 0.67217
-0.742413 0.667521
-0.746626 0.662845
-0.750809 0.658143
-0.754962 0.653414
-0.759086 0.64866
-0.763179 0.643879
-0.767241 0.639073
-0.771273 0.634241
-0.775274 0.629384
-0.779244 0.624502
-0.783183 0.619595
-0.787091 0.614663
-0.790967 0.609706
-0.794812 0.604726
-0.798625 0.599721
-0.802406 0.594692
-0.806156 0.58964
-0.809873 0.584564
-0.813558 0.579464
-0.81721 0.574342
-0.82083 0.569197
-0.824417 0.564029
-0.827971 0.558838
-0.831492 0.553626
-0.83498 0.548391
-0.838435 0.543134
-0.841856 0.537856
-0.845244 0.532556
-0.848598 0.527235
-0.851918 0.521893
-0.855205 0.51653
-0.858457 0.511147
-0.861675 0.505743
-0.864859 0.500319
-0.868008 0.494875
-0.871123 0.489412
-0.874203 0.483929
-0.877248 0.478427
-0.880258 0.472905
-0.883233 0.467365
-0.886173 0.461806
-0.889078 0.456229
-0.891947 0.450634
-0.894781 0.44502
-0.897579 0.439389
-0.900342 0.433741
-0.903068 0.428075
-0.905759 0.422392
-0.908413 0.416693
-0.911032 0.410976
-0.913614 0.405244
-0.91616 0.399495
-0.918669 0.39373
-0.921142 0.38795
-0.923578 0.382154
-0.925977 0.376344
-0.92834 0.370518
-0.930666 0.364677
-0.932954 0.358822
-0.935205 0.352952
-0.93742 0.347069
-0.939597 0.341172
-0.941736 0.335261
-0.943838 0.329337
-0.945903 0.323399
-0.94793 0.317449
-0.949919 0.311486
-0.95187 0.305511
-0.953784 0.299524
-0.95566 0.293525
-0.957497 0.287514
-0.959297 0.281491
-0.961058 0.275458
-0.962781 0.269413
-0.964466 0.263358
-0.966113 0.257293
-0.967721 0.251217
-0.969291 0.245131
-0.970822 0.239035
-0.972314 0.23293
-0.973768 0.226816
-0.975183 0.220692
-0.97656 0.21456
-0.977897 0.208419
-0.979196 0.20227
-0.980456 0.196113
-0.981677 0.189948
-0.982858 0.183776
-0.984001 0.177596
-0.985105 0.171409
-0.986169 0.165216
-0.987194 0.159016
-0.98818 0.152809
-0.989127 0.146597
-0.990035 0.140378
-0.990903 0.134154
-0.991731 0.127925
-0.992521 0.121691
-0.99327 0.115452
-0.993981 0.109208
-0.994652 0.10296
-0.995283 0.0967075
-0.995875 0.0904515
-0.996427 0.0841918
-0.99694 0.0779288
-0.997413 0.0716627
-0.997846 0.0653938
-0.99824 0.0591223
-0.998594 0.0528484
-0.998908 0.0465724
-0.999183 0.0402946
-0.999418 0.0340151
-0.999613 0.0277343
-0.999768 0.0214525
-0.999884 0.0151697
-0.99996 0.00888636
-0.999997 0.00260266
-0.999993 -0.00368114
-0.99995 -0.0099648
-0.999867 -0.0162481
-0.999745 -0.0225307
-0.999582 -0.0288124
-0.99938 -0.035093
-0.999138 -0.0413721
-0.998857 -0.0476497
-0.998536 -0.0539253
-0.998175 -0.0601988
-0.997774 -0.0664699
-0.997334 -0.0727384
