x y
0.864581 0.501901
0.82337 0.56551
0.777464 0.625894
0.727114 0.6827
0.672599 0.735595
0.614224 0.784269
0.552318 0.828434
0.487232 0.867829
0.419337 0.902221
0.349022 0.931406
0.276692 0.955212
0.202763 0.973498
0.127662 0.986158
0.0518225 0.993118
-0.0243161 0.994339
-0.100314 0.989817
-0.175734 0.979582
-0.25014 0.9637
-0.323106 0.942269
-0.394214 0.915419
-0.46306 0.883315
-0.529252 0.846151
-0.59242 0.804149
-0.652208 0.75756
-0.708286 0.706662
-0.760345 0.651753
-0.808102 0.593156
-0.851299 0.531212
-0.889708 0.46628
-0.923128 0.398733
-0.951388 0.328957
-0.974347 0.257348
-0.991896 0.184309
-1.00396 0.110251
-1.01048 0.0355837
-1.01144 -0.0392792
-1.00686 -0.113927
-0.996784 -0.187953
-0.981278 -0.260955
-0.960443 -0.332541
-0.93441 -0.402327
-0.903333 -0.469941
-0.867393 -0.535026
-0.826796 -0.597238
-0.781769 -0.656251
-0.732564 -0.711757
-0.679452 -0.763466
-0.622722 -0.811111
-0.562682 -0.854444
-0.499655 -0.893243
-0.43398 -0.927306
-0.366006 -0.956458
-0.296095 -0.980549
-0.224619 -0.999454
-0.151954 -1.01307
-0.0784865 -1.02134
-0.00460373 -1.0242
0.0693033 -1.02165
0.142843 -1.01368
0.215627 -1.00035
0.287266 -0.981713
0.35738 -0.957861
0.425593 -0.928915
0.491539 -0.895019
0.55486 -0.856345
0.615213 -0.81309
0.672266 -0.765475
0.725707 -0.713746
0.775236 -0.658171
0.820575 -0.599039
0.861467 -0.53666
0.897676 -0.471365
0.928991 -0.403499
0.955223 -0.333426
0.976213 -0.261524
0.991828 -0.188182
1.00196 -0.113801
1.00655 -0.0387888
1.00553 0.0364385
0.998908 0.111462
0.986692 0.185862
0.968937 0.259218
0.945724 0.331114
0.917168 0.401138
0.883417 0.468891
0.844647 0.533979
0.801066 0.596026
0.752912 0.65467
0.70045 0.709567
0.643972 0.760396
0.583794 0.806857
0.520258 0.848676
0.453725 0.885605
0.384574 0.917426
0.313203 0.94395
0.240023 0.965021
0.165456 0.980514
0.0899324 0.99034
0.0138889 0.994443
-0.0622348 0.9928
-0.137999 0.985425
-0.212968 0.972366
-0.286709 0.953703
-0.358801 0.929553
-0.428831 0.900062
-0.496403 0.86541
-0.561133 0.825805
-0.62266 0.781484
-0.680639 0.732711
-0.734751 0.679775
-0.7847 0.622986
-0.830215 0.562677
-0.871052 0.499197
-0.906998 0.432914
-0.937865 0.364207
-0.963499 0.293468
-0.983774 0.221095
-0.998595 0.147497
-1.0079 0.0730832
-1.01165 -0.00173312
-1.00985 -0.0765402
-1.00252 -0.150929
-0.989726 -0.224494
-0.97155 -0.296839
-0.948106 -0.367575
-0.919538 -0.436324
-0.886013 -0.502722
-0.847724 -0.566417
-0.804889 -0.627074
-0.757747 -0.684376
-0.706559 -0.738024
-0.651606 -0.78774
-0.593187 -0.833265
-0.531617 -0.874364
-0.467227 -0.910826
-0.400361 -0.942462
-0.331376 -0.969109
-0.260638 -0.990628
-0.188522 -1.00691
-0.115409 -1.01787
-0.0416855 -1.02344
0.0322582 -1.02361
0.106031 -1.01835
0.179243 -1.00771
0.251504 -0.991721
0.32243 -0.970471
0.391643 -0.944063
0.458771 -0.91263
0.523452 -0.876329
0.585336 -0.835346
0.644084 -0.789889
0.699375 -0.740192
0.750902 -0.686511
0.798376 -0.629126
0.84153 -0.568336
0.880116 -0.504461
0.91391 -0.43784
0.942713 -0.368828
0.966351 -0.297796
0.984677 -0.225127
0.997573 -0.151216
1.00495 -0.0764694
1.00675 -0.00129818
1.00293 0.07388
0.993519 0.148645
0.978534 0.222577
0.958046 0.295257
0.932154 0.366271
0.900989 0.435212
0.864713 0.501685
0.823518 0.565304
0.777626 0.625699
0.727291 0.682517
0.672789 0.735426
0.614426 0.784114
0.552531 0.828294
0.487455 0.867705
0.419569 0.902114
0.349261 0.931316
0.276936 0.95514
0.203012 0.973445
0.127913 0.986123
0.0520759 0.993102
-0.0240626 0.994342
-0.100062 0.989838
-0.175484 0.979623
-0.249895 0.963759
-0.322866 0.942345
-0.393982 0.915513
-0.462835 0.883425
-0.529038 0.846277
-0.592216 0.80429
-0.652016 0.757716
-0.708107 0.70683
-0.760179 0.651933
-0.807951 0.593347
-0.851163 0.531413
-0.889588 0.46649
-0.923024 0.39895
-0.951301 0.32918
-0.974278 0.257576
-0.991844 0.184542
-1.00392 0.110485
-1.01046 0.0358191
-1.01144 -0.0390441
-1.00688 -0.113694
-0.99682 -0.187722
-0.98133 -0.260729
-0.960512 -0.33232
-0.934495 -0.402112
-0.903433 -0.469734
-0.867508 -0.534828
-0.826925 -0.59705
-0.781911 -0.656073
-0.732719 -0.711591
-0.679618 -0.763312
-0.622899 -0.81097
-0.562869 -0.854317
-0.499851 -0.89313
-0.434183 -0.927208
-0.366216 -0.956376
-0.29631 -0.980483
-0.224838 -0.999404
-0.152177 -1.01304
-0.0787108 -1.02132
-0.00482881 -1.0242
0.0690787 -1.02166
0.142621 -1.01372
0.215407 -1.0004
0.28705 -0.98178
0.357169 -0.957944
0.425389 -0.929013
0.491342 -0.895133
0.554671 -0.856473
0.615034 -0.813233
0.672098 -0.765632
0.72555 -0.713915
0.775092 -0.658352
0.820445 -0.599231
0.861351 -0.536862
0.897575 -0.471575
0.928905 -0.403718
0.955153 -0.333652
0.97616 -0.261755
0.991793 -0.188417
1.00195 -0.114039
1.00655 -0.0390287
1.00555 0.0361982
0.998944 0.111223
0.986746 0.185625
0.969008 0.258984
0.945813 0.330885
0.917274 0.400916
0.88354 0.468676
0.844786 0.533774
0.801221 0.595831
0.753081 0.654486
0.700633 0.709396
0.644168 0.760238
0.584002 0.806714
0.520477 0.848548
0.453953 0.885493
0.38481 0.917331
0.313446 0.943873
0.240271 0.964962
0.165708 0.980474
0.090187 0.990318
0.0141447 0.99444
-0.0619794 0.992816
-0.137746 0.98546
-0.212718 0.972419
-0.286464 0.953775
-0.358562 0.929643
-0.4286 0.900169
-0.49618 0.865534
-0.56092 0.825944
-0.622458 0.781638
-0.68045 0.732879
-0.734575 0.679956
-0.784538 0.623179
-0.830068 0.562881
-0.870921 0.499411
-0.906883 0.433136
-0.937768 0.364436
-0.963419 0.293702
-0.983711 0.221334
-0.99855 0.147739
-1.00787 0.0733265
-1.01164 -0.00148955
-1.00986 -0.0762977
-1.00255 -0.150689
-0.98977 -0.224258
-0.971611 -0.296608
-0.948184 -0.36735
-0.919631 -0.436106
-0.886122 -0.502512
-0.847847 -0.566217
-0.805026 -0.626884
-0.757897 -0.684198
-0.706721 -0.737858
-0.65178 -0.787587
-0.59337 -0.833126
-0.53181 -0.87424
-0.467428 -0.910716
-0.400569 -0.942368
-0.33159 -0.96903
-0.260856 -0.990566
-0.188744 -1.00686
-0.115633 -1.01784
-0.0419106 -1.02343
0.0320332 -1.02361
0.105808 -1.01838
0.179021 -1.00775
0.251286 -0.991776
0.322218 -0.970542
0.391436 -0.944149
0.458571 -0.912731
0.52326 -0.876446
0.585153 -0.835477
0.643912 -0.790033
0.699214 -0.740349
0.750753 -0.68668
0.798241 -0.629306
0.841408 -0.568526
0.880008 -0.50466
0.913818 -0.438047
0.942636 -0.369043
0.96629 -0.298016
0.984633 -0.225352
0.997546 -0.151445
1.00494 -0.0767002
1.00675 -0.00152995
1.00296 0.0736486
0.993562 0.148415
0.978595 0.22235
0.958124 0.295034
0.93225 0.366053
0.901101 0.435002
0.864841 0.501483
0.823661 0.565111
0.777785 0.625516
0.727463 0.682346
0.672975 0.735268
0.614624 0.783969
0.55274 0.828164
0.487674 0.867591
0.419797 0.902016
0.349497 0.931235
0.277178 0.955077
0.203259 0.9734
0.128164 0.986096
0.0523285 0.993094
-0.0238093 0.994352
-0.0998097 0.989868
-0.175234 0.979671
-0.249648 0.963825
-0.322625 0.94243
-0.393747 0.915615
-0.462609 0.883545
-0.52882 0.846413
-0.592009 0.804442
-0.65182 0.757882
-0.707924 0.707011
-0.76001 0.652127
-0.807796 0.593552
-0.851024 0.531629
-0.889465 0.466715
-0.922918 0.399183
-0.951212 0.32942
-0.974207 0.257821
-0.991791 0.18479
-1.00389 0.110736
-1.01044 0.0360712
-1.01144 -0.0387923
-1.0069 -0.113444
-0.996858 -0.187475
-0.981386 -0.260486
-0.960585 -0.332083
-0.934584 -0.401882
-0.903539 -0.469512
-0.867629 -0.534615
-0.82706 -0.596847
-0.78206 -0.655882
-0.732881 -0.711411
-0.679792 -0.763146
-0.623083 -0.810817
-0.563063 -0.854179
-0.500053 -0.893007
-0.434393 -0.927101
-0.366432 -0.956285
-0.296532 -0.980408
-0.225063 -0.999346
-0.152405 -1.013
-0.0789405 -1.0213
-0.00505871 -1.0242
0.0688498 -1.02167
0.142394 -1.01375
0.215183 -1.00045
0.286832 -0.98184
0.356956 -0.95802
0.425182 -0.929104
0.491143 -0.895239
0.554482 -0.856594
0.614854 -0.813367
0.67193 -0.765779
0.725393 -0.714074
0.774947 -0.658522
0.820314 -0.599411
0.861234 -0.537052
0.897473 -0.471774
0.928818 -0.403923
0.955083 -0.333863
0.976106 -0.261972
0.991755 -0.188638
1.00193 -0.114262
1.00654 -0.0392533
1.00556 0.0359735
0.998974 0.110999
0.986794 0.185404
0.969073 0.258767
0.945894 0.330672
0.917373 0.40071
0.883654 0.468477
0.844916 0.533583
0.801365 0.59565
0.75324 0.654316
0.700805 0.709238
0.644352 0.760093
0.584198 0.806583
0.520683 0.848432
0.454168 0.885392
0.385034 0.917246
0.313677 0.943805
0.240508 0.964911
0.165949 0.980441
0.0904307 0.990304
0.0143899 0.994444
-0.0617341 0.992838
-0.137502 0.985501
-0.212476 0.972478
-0.286226 0.953853
-0.35833 0.929738
-0.428375 0.900282
-0.495963 0.865663
-0.560713 0.82609
-0.622262 0.781799
-0.680265 0.733055
-0.734403 0.680145
-0.78438 0.623381
-0.829925 0.563094
-0.870794 0.499634
-0.906772 0.433368
-0.937674 0.364676
-0.963343 0.293948
-0.983653 0.221585
-0.99851 0.147993
-1.00785 0.0735832
-1.01164 -0.0012322
-1.00987 -0.076041
-1.00258 -0.150434
-0.989822 -0.224007
-0.97168 -0.296361
-0.948271 -0.36711
-0.919735 -0.435874
-0.886241 -0.502288
-0.847982 -0.566002
-0.805175 -0.626681
-0.75806 -0.684006
-0.706897 -0.737679
-0.651967 -0.787422
-0.593568 -0.832975
-0.532017 -0.874104
-0.467643 -0.910597
-0.400792 -0.942264
-0.331818 -0.968943
-0.261089 -0.990497
-0.18898 -1.00681
-0.115871 -1.0178
-0.0421496 -1.02341
0.0317947 -1.02361
0.105571 -1.01839
0.178788 -1.00778
0.251057 -0.991827
0.321993 -0.970609
0.391219 -0.944233
0.458361 -0.91283
0.523059 -0.876559
0.584962 -0.835604
0.643732 -0.790174
0.699045 -0.740502
0.750597 -0.686845
0.798097 -0.629481
0.841279 -0.568711
0.879894 -0.504854
0.913719 -0.438249
0.942553 -0.369251
0.966223 -0.29823
0.984583 -0.225569
0.997512 -0.151665
1.00492 -0.0769223
1.00675 -0.00175258
1.00298 0.0734267
0.993597 0.148195
0.978646 0.222133
0.958192 0.294822
0.932334 0.365847
0.901201 0.434803
0.864956 0.501291
0.823791 0.564928
0.777929 0.625344
0.727621 0.682185
0.673145 0.735119
0.614806 0.783834
0.552933 0.828043
0.487876 0.867485
0.420007 0.901925
0.349714 0.931161
0.277402 0.955019
0.203487 0.973359
0.128396 0.986074
0.0525627 0.993089
-0.0235744 0.994365
-0.0995753 0.989899
-0.175002 0.97972
-0.249419 0.963892
-0.3224 0.942514
-0.393528 0.915717
-0.462397 0.883664
-0.528617 0.846548
-0.591815 0.804592
-0.651638 0.758048
-0.707754 0.70719
-0.759853 0.652319
-0.807653 0.593756
-0.850896 0.531844
-0.889352 0.466939
-0.922822 0.399416
-0.951133 0.32966
-0.974145 0.258067
-0.991747 0.185041
-1.00386 0.11099
-1.01044 0.0363269
-1.01145 -0.0385364
-1.00693 -0.113189
-0.996906 -0.187223
-0.981451 -0.260237
-0.960669 -0.331839
-0.934685 -0.401645
-0.903656 -0.469283
-0.867762 -0.534394
-0.827208 -0.596637
-0.782223 -0.655683
-0.733057 -0.711224
-0.679981 -0.762972
-0.623283 -0.810658
-0.563273 -0.854034
-0.500273 -0.892878
-0.434621 -0.926988
-0.366667 -0.956189
-0.296772 -0.980329
-0.225308 -0.999285
-0.152652 -1.01296
-0.0791892 -1.02127
-0.00530771 -1.02419
0.0686019 -1.02168
0.142148 -1.01377
0.214941 -1.00049
0.286595 -0.981902
0.356726 -0.958098
0.424959 -0.929199
0.490928 -0.895348
0.554276 -0.856718
0.614659 -0.813505
0.671746 -0.76593
0.725222 -0.714238
0.77479 -0.658698
0.820171 -0.599597
0.861106 -0.537247
0.89736 -0.471977
0.928721 -0.404133
0.955002 -0.334079
0.976042 -0.262192
0.991708 -0.188861
1.0019 -0.114488
1.00653 -0.0394798
1.00557 0.0357474
0.998996 0.110775
0.986833 0.185182
0.969129 0.25855
0.945967 0.330461
0.917461 0.400505
0.883758 0.46828
0.845034 0.533394
0.801498 0.595471
0.753387 0.654148
0.700964 0.709082
0.644523 0.75995
0.58438 0.806454
0.520874 0.848317
0.454368 0.885293
0.385241 0.917163
0.313891 0.943737
0.240727 0.964861
0.166172 0.980408
0.0906559 0.990288
0.0146164 0.994445
-0.0615076 0.992858
-0.137277 0.985538
-0.212254 0.972533
-0.286008 0.953924
-0.358117 0.929826
-0.428168 0.900387
-0.495764 0.865784
-0.560523 0.826227
-0.622082 0.781951
-0.680096 0.73322
-0.734247 0.680323
-0.784237 0.623571
-0.829796 0.563296
-0.87068 0.499846
-0.906674 0.433589
-0.937592 0.364905
-0.963277 0.294183
-0.983605 0.221826
-0.998479 0.148238
-1.00784 0.0738304
-1.01164 -0.000983626
-1.0099 -0.0757925
-1.00262 -0.150187
-0.989882 -0.223762
-0.971758 -0.296121
-0.948365 -0.366875
-0.919846 -0.435646
-0.886369 -0.502068
-0.848126 -0.565791
-0.805334 -0.62648
-0.758233 -0.683817
-0.707083 -0.737503
-0.652165 -0.787259
-0.593777 -0.832826
-0.532236 -0.87397
-0.467871 -0.910479
-0.401028 -0.942163
-0.332061 -0.968859
-0.261337 -0.990429
-0.189231 -1.00676
-0.116125 -1.01777
-0.0424048 -1.0234
0.0315397 -1.02362
0.105317 -1.01842
0.178537 -1.00782
0.25081 -0.991885
0.321752 -0.970684
0.390984 -0.944324
0.458135 -0.912938
0.522842 -0.876683
0.584755 -0.835742
0.643536 -0.790326
0.698862 -0.740667
0.750426 -0.687022
0.797941 -0.62967
0.841137 -0.568909
0.879768 -0.505062
0.913609 -0.438464
0.94246 -0.369472
0.966147 -0.298456
0.984524 -0.2258
0.997471 -0.151899
1.0049 -0.077157
1.00675 -0.00198724
1.00299 0.0731933
0.993626 0.147965
0.978692 0.221906
0.958256 0.2946
0.932414 0.365631
0.901297 0.434594
0.865067 0.501092
0.823917 0.564739
0.778068 0.625165
0.727773 0.682018
0.673309 0.734965
0.614981 0.783694
0.553118 0.827917
0.48807 0.867373
0.420209 0.901829
0.349923 0.931081
0.277617 0.954956
0.203706 0.973313
0.128617 0.986045
0.0527858 0.993077
-0.0233509 0.994372
-0.0993527 0.989923
-0.174781 0.979761
-0.249202 0.96395
-0.322188 0.942589
-0.393322 0.915809
-0.462198 0.883771
-0.528427 0.846671
-0.591634 0.80473
-0.651468 0.758199
-0.707595 0.707354
-0.759707 0.652496
-0.80752 0.593945
-0.850777 0.532042
-0.889249 0.467147
-0.922734 0.399632
-0.951062 0.329883
-0.97409 0.258296
-0.99171 0.185274
-1.00384 0.111227
-1.01043 0.0365655
-1.01147 -0.038297
-1.00696 -0.11295
-0.996956 -0.186986
-0.981519 -0.260004
-0.960754 -0.33161
-0.934787 -0.401422
-0.903774 -0.469067
-0.867896 -0.534187
-0.827358 -0.596438
-0.782387 -0.655495
-0.733235 -0.711048
-0.680171 -0.762809
-0.623485 -0.810508
-0.563486 -0.853899
-0.500496 -0.892758
-0.434852 -0.926884
-0.366905 -0.956101
-0.297016 -0.980258
-0.225557 -0.999231
-0.152905 -1.01292
-0.0794441 -1.02125
-0.00556334 -1.02419
0.0683468 -1.0217
0.141895 -1.01381
0.214691 -1.00054
0.286349 -0.981973
0.356486 -0.958187
0.424727 -0.929304
0.490704 -0.89547
0.554062 -0.856855
0.614455 -0.813657
0.671554 -0.766096
0.725043 -0.714417
0.774624 -0.658888
0.820019 -0.599798
0.86097 -0.537458
0.89724 -0.472196
0.928618 -0.40436
0.954915 -0.334312
0.975973 -0.262429
0.991657 -0.189102
1.00186 -0.114731
1.00652 -0.0397235
1.00557 0.0355043
0.999017 0.110534
0.986872 0.184944
0.969185 0.258316
0.94604 0.330233
0.917551 0.400285
0.883863 0.468068
0.845155 0.533192
0.801634 0.595279
0.753535 0.653968
0.701126 0.708915
0.644696 0.759797
0.584563 0.806314
0.521067 0.848192
0.45457 0.885184
0.38545 0.91707
0.314105 0.943662
0.240946 0.964802
0.166394 0.980366
0.0908806 0.990264
0.0148418 0.994439
-0.0612827 0.992869
-0.137054 0.985566
-0.212034 0.972579
-0.285793 0.953987
-0.357907 0.929906
-0.427965 0.900483
-0.495569 0.865895
-0.560337 0.826352
-0.621906 0.782091
-0.679932 0.733373
-0.734095 0.680489
-0.784098 0.623749
-0.82967 0.563483
-0.870569 0.500044
-0.906578 0.433795
-0.937512 0.365118
-0.963214 0.294403
-0.983558 0.22205
-0.998449 0.148466
-1.00782 0.0740607
-1.01165 -0.000752181
-1.00992 -0.0755612
-1.00266 -0.149957
-0.989938 -0.223535
-0.971831 -0.295898
-0.948456 -0.366657
-0.919953 -0.435434
-0.886491 -0.501864
-0.848263 -0.565596
-0.805486 -0.626294
-0.758399 -0.683642
-0.707262 -0.73734
-0.652356 -0.787108
-0.59398 -0.832689
-0.532449 -0.873848
-0.468093 -0.910371
-0.401257 -0.942071
-0.332297 -0.968784
-0.261579 -0.990371
-0.189478 -1.00672
-0.116374 -1.01775
-0.0426559 -1.0234
0.0312882 -1.02363
0.105067 -1.01845
0.178289 -1.00787
0.250566 -0.99195
0.321513 -0.970767
0.390751 -0.944425
0.457909 -0.913054
0.522624 -0.876815
0.584547 -0.83589
0.643339 -0.790488
0.698677 -0.740843
0.750255 -0.687211
0.797784 -0.62987
0.840995 -0.56912
0.879641 -0.505282
0.913498 -0.438692
