t x y
0 1 0
0.001001 1 0.00628947
0.002002 0.99996 0.0125789
0.003003 0.999881 0.0188682
0.004004 0.999763 0.0251569
0.00500501 0.999604 0.0314449
0.00600601 0.999407 0.0377319
0.00700701 0.999169 0.0440176
0.00800801 0.998893 0.0503019
0.00900901 0.998576 0.0565844
0.01001 0.998221 0.0628649
0.011011 0.997825 0.0691432
0.012012 0.99739 0.075419
0.013013 0.996916 0.0816921
0.014014 0.996403 0.0879621
0.015015 0.99585 0.094229
0.016016 0.995257 0.100492
0.017017 0.994625 0.106752
0.018018 0.993954 0.113008
0.019019 0.993244 0.119259
0.02002 0.992494 0.125506
0.021021 0.991705 0.131748
0.022022 0.990877 0.137986
0.023023 0.99001 0.144218
0.024024 0.989103 0.150445
0.025025 0.988158 0.156666
0.026026 0.987173 0.162881
0.027027 0.98615 0.169089
0.028028 0.985087 0.175292
0.029029 0.983985 0.181488
0.03003 0.982845 0.187676
0.031031 0.981665 0.193858
0.032032 0.980447 0.200032
0.033033 0.97919 0.206199
0.034034 0.977895 0.212358
0.035035 0.97656 0.218508
0.036036 0.975188 0.22465
0.037037 0.973776 0.230784
0.038038 0.972326 0.236908
0.039039 0.970838 0.243024
0.04004 0.969311 0.24913
0.041041 0.967746 0.255227
0.042042 0.966143 0.261314
0.043043 0.964501 0.26739
0.044044 0.962822 0.273457
0.045045 0.961104 0.279513
0.046046 0.959348 0.285558
0.047047 0.957555 0.291592
0.048048 0.955723 0.297614
0.049049 0.953854 0.303626
0.0500501 0.951947 0.309625
0.0510511 0.950003 0.315613
0.0520521 0.948021 0.321588
0.0530531 0.946001 0.327551
0.0540541 0.943944 0.333501
0.0550551 0.94185 0.339439
0.0560561 0.939719 0.345363
0.0570571 0.93755 0.351274
0.0580581 0.935345 0.357171
0.0590591 0.933102 0.363054
0.0600601 0.930823 0.368923
0.0610611 0.928507 0.374778
0.0620621 0.926154 0.380619
0.0630631 0.923764 0.386444
0.0640641 0.921338 0.392255
0.0650651 0.918876 0.39805
0.0660661 0.916378 0.40383
0.0670671 0.913843 0.409595
0.0680681 0.911272 0.415343
0.0690691 0.908665 0.421075
0.0700701 0.906022 0.426791
0.0710711 0.903344 0.43249
0.0720721 0.900629 0.438173
0.0730731 0.89788 0.443838
0.0740741 0.895094 0.449487
0.0750751 0.892274 0.455117
0.0760761 0.889418 0.46073
0.0770771 0.886527 0.466325
0.0780781 0.883601 0.471902
0.0790791 0.88064 0.477461
0.0800801 0.877644 0.483001
0.0810811 0.874614 0.488522
0.0820821 0.871549 0.494025
0.0830831 0.86845 0.499508
0.0840841 0.865316 0.504971
0.0850851 0.862149 0.510415
0.0860861 0.858947 0.515839
0.0870871 0.855711 0.521243
0.0880881 0.852442 0.526627
0.0890891 0.849139 0.53199
0.0900901 0.845802 0.537333
0.0910911 0.842432 0.542655
0.0920921 0.839029 0.547955
0.0930931 0.835593 0.553234
0.0940941 0.832123 0.558492
0.0950951 0.828621 0.563728
0.0960961 0.825086 0.568942
0.0970971 0.821519 0.574133
0.0980981 0.817919 0.579303
0.0990991 0.814287 0.58445
0.1001 0.810622 0.589574
0.101101 0.806926 0.594675
0.102102 0.803198 0.599753
0.103103 0.799438 0.604808
0.104104 0.795647 0.609839
0.105105 0.791824 0.614846
0.106106 0.78797 0.619829
0.107107 0.784085 0.624789
0.108108 0.780169 0.629724
0.109109 0.776222 0.634634
0.11011 0.772245 0.63952
0.111111 0.768237 0.64438
0.112112 0.764199 0.649216
0.113113 0.760131 0.654026
0.114114 0.756032 0.658811
0.115115 0.751904 0.663571
0.116116 0.747746 0.668304
0.117117 0.743559 0.673011
0.118118 0.739343 0.677692
0.119119 0.735097 0.682347
0.12012 0.730822 0.686975
0.121121 0.726519 0.691577
0.122122 0.722186 0.696151
0.123123 0.717826 0.700699
0.124124 0.713437 0.705219
0.125125 0.70902 0.709712
0.126126 0.704574 0.714177
0.127127 0.700102 0.718614
0.128128 0.695601 0.723023
0.129129 0.691073 0.727404
0.13013 0.686518 0.731757
0.131131 0.681936 0.736081
0.132132 0.677327 0.740377
0.133133 0.672691 0.744644
0.134134 0.668029 0.748882
0.135135 0.66334 0.75309
0.136136 0.658625 0.75727
0.137137 0.653885 0.761419
0.138138 0.649118 0.76554
0.139139 0.644326 0.76963
0.14014 0.639509 0.773691
0.141141 0.634666 0.777721
0.142142 0.629798 0.781721
0.143143 0.624906 0.785691
0.144144 0.619988 0.78963
0.145145 0.615047 0.793539
0.146146 0.610081 0.797416
0.147147 0.605091 0.801263
0.148148 0.600077 0.805078
0.149149 0.59504 0.808862
0.15015 0.589979 0.812615
0.151151 0.584895 0.816336
0.152152 0.579788 0.820025
0.153153 0.574658 0.823683
0.154154 0.569506 0.827308
0.155155 0.564331 0.830901
0.156156 0.559133 0.834462
0.157157 0.553914 0.837991
0.158158 0.548673 0.841487
0.159159 0.54341 0.84495
0.16016 0.538126 0.84838
0.161161 0.532821 0.851777
0.162162 0.527494 0.855142
0.163163 0.522147 0.858473
0.164164 0.51678 0.861771
0.165165 0.511392 0.865035
0.166166 0.505983 0.868266
0.167167 0.500555 0.871462
0.168168 0.495107 0.874626
0.169169 0.48964 0.877755
0.17017 0.484153 0.88085
0.171171 0.478648 0.883911
0.172172 0.473123 0.886937
0.173173 0.46758 0.889929
0.174174 0.462018 0.892887
0.175175 0.456438 0.89581
0.176176 0.45084 0.898698
0.177177 0.445225 0.901551
0.178178 0.439592 0.904369
0.179179 0.433941 0.907153
0.18018 0.428274 0.909901
0.181181 0.422589 0.912614
0.182182 0.416888 0.915291
0.183183 0.41117 0.917933
0.184184 0.405437 0.920539
0.185185 0.399687 0.92311
0.186186 0.393921 0.925645
0.187187 0.38814 0.928143
0.188188 0.382344 0.930606
0.189189 0.376533 0.933033
0.19019 0.370706 0.935424
0.191191 0.364865 0.937779
0.192192 0.35901 0.940097
0.193193 0.353141 0.942379
0.194194 0.347257 0.944624
0.195195 0.34136 0.946833
0.196196 0.335449 0.949005
0.197197 0.329526 0.95114
0.198198 0.323589 0.953239
0.199199 0.317639 0.9553
0.2002 0.311677 0.957325
0.201201 0.305703 0.959313
0.202202 0.299716 0.961263
0.203203 0.293718 0.963177
0.204204 0.287708 0.965053
0.205205 0.281686 0.966892
0.206206 0.275654 0.968693
0.207207 0.26961 0.970457
0.208208 0.263556 0.972184
0.209209 0.257491 0.973872
0.21021 0.251417 0.975524
0.211211 0.245332 0.977137
0.212212 0.239237 0.978713
0.213213 0.233133 0.980251
0.214214 0.22702 0.981751
0.215215 0.220898 0.983214
0.216216 0.214767 0.984638
0.217217 0.208627 0.986024
0.218218 0.20248 0.987372
0.219219 0.196324 0.988683
0.22022 0.19016 0.989955
0.221221 0.183989 0.991188
0.222222 0.17781 0.992384
0.223223 0.171624 0.993541
0.224224 0.165432 0.99466
0.225225 0.159232 0.995741
0.226226 0.153027 0.996783
0.227227 0.146815 0.997787
0.228228 0.140597 0.998753
0.229229 0.134374 0.99968
0.23023 0.128145 1.00057
0.231231 0.121911 1.00142
0.232232 0.115673 1.00223
0.233233 0.109429 1.003
0.234234 0.103181 1.00374
0.235235 0.0969287 1.00443
0.236236 0.0906725 1.00509
0.237237 0.0844125 1.00571
0.238238 0.0781491 1.00629
0.239239 0.0718824 1.00683
0.24024 0.0656127 1.00733
0.241241 0.0593403 1.00779
0.242242 0.0530653 1.00822
0.243243 0.0467881 1.0086
0.244244 0.0405088 1.00895
0.245245 0.0342277 1.00926
0.246246 0.027945 1.00953
0.247247 0.021661 1.00976
0.248248 0.015376 1.00995
0.249249 0.00909014 1.0101
0.25025 0.00280368 1.01022
0.251251 -0.00348313 1.0103
0.252252 -0.00977005 1.01033
0.253253 -0.0160568 1.01033
0.254254 -0.0223432 1.01029
0.255255 -0.028629 1.01021
0.256256 -0.034914 1.01009
0.257257 -0.0411978 1.00994
0.258258 -0.0474803 1.00974
0.259259 -0.0537612 1.00951
0.26026 -0.0600403 1.00923
0.261261 -0.0663174 1.00892
0.262262 -0.0725921 1.00857
0.263263 -0.0788643 1.00818
0.264264 -0.0851338 1.00776
0.265265 -0.0914002 1.00729
0.266266 -0.0976633 1.00679
0.267267 -0.103923 1.00624
0.268268 -0.110179 1.00566
0.269269 -0.116431 1.00504
0.27027 -0.122679 1.00438
0.271271 -0.128922 1.00369
0.272272 -0.135161 1.00295
0.273273 -0.141394 1.00218
0.274274 -0.147623 1.00137
0.275275 -0.153846 1.00052
0.276276 -0.160063 0.999631
0.277277 -0.166275 0.998705
0.278278 -0.172481 0.997741
0.279279 -0.17868 0.996739
0.28028 -0.184873 0.995698
0.281281 -0.191058 0.99462
0.282282 -0.197237 0.993504
0.283283 -0.203409 0.99235
0.284284 -0.209573 0.991158
0.285285 -0.215729 0.989928
0.286286 -0.221877 0.988661
0.287287 -0.228017 0.987356
0.288288 -0.234149 0.986013
0.289289 -0.240272 0.984633
0.29029 -0.246386 0.983216
0.291291 -0.252491 0.981761
0.292292 -0.258587 0.980268
0.293293 -0.264673 0.978739
0.294294 -0.270749 0.977172
0.295295 -0.276815 0.975568
0.296296 -0.282871 0.973927
0.297297 -0.288916 0.972249
0.298298 -0.294951 0.970534
0.299299 -0.300974 0.968782
0.3003 -0.306987 0.966993
0.301301 -0.312988 0.965168
0.302302 -0.318978 0.963306
0.303303 -0.324955 0.961407
0.304304 -0.330921 0.959472
0.305305 -0.336874 0.957501
0.306306 -0.342815 0.955493
0.307307 -0.348743 0.953449
0.308308 -0.354658 0.951369
0.309309 -0.36056 0.949253
0.31031 -0.366448 0.947101
0.311311 -0.372323 0.944913
0.312312 -0.378184 0.94269
0.313313 -0.384031 0.94043
0.314314 -0.389863 0.938135
0.315315 -0.395681 0.935805
0.316316 -0.401485 0.933439
0.317317 -0.407273 0.931038
0.318318 -0.413047 0.928602
0.319319 -0.418805 0.92613
0.32032 -0.424547 0.923624
0.321321 -0.430274 0.921082
0.322322 -0.435985 0.918506
0.323323 -0.441679 0.915896
0.324324 -0.447357 0.91325
0.325325 -0.453019 0.91057
0.326326 -0.458663 0.907856
0.327327 -0.464291 0.905108
0.328328 -0.469901 0.902325
0.329329 -0.475494 0.899509
0.33033 -0.48107 0.896658
0.331331 -0.486627 0.893774
0.332332 -0.492166 0.890856
0.333333 -0.497687 0.887905
0.334334 -0.50319 0.88492
0.335335 -0.508674 0.881902
0.336336 -0.514139 0.878851
0.337337 -0.519585 0.875766
0.338338 -0.525012 0.872649
0.339339 -0.530419 0.869499
0.34034 -0.535807 0.866316
0.341341 -0.541174 0.863101
0.342342 -0.546522 0.859853
0.343343 -0.55185 0.856573
0.344344 -0.557157 0.853261
0.345345 -0.562443 0.849916
0.346346 -0.567708 0.84654
0.347347 -0.572953 0.843132
0.348348 -0.578176 0.839693
0.349349 -0.583378 0.836222
0.35035 -0.588559 0.832719
0.351351 -0.593717 0.829186
0.352352 -0.598854 0.825621
0.353353 -0.603968 0.822025
0.354354 -0.60906 0.818399
0.355355 -0.61413 0.814742
0.356356 -0.619177 0.811055
0.357357 -0.624201 0.807337
0.358358 -0.629202 0.803589
0.359359 -0.63418 0.799811
0.36036 -0.639134 0.796003
0.361361 -0.644065 0.792165
0.362362 -0.648972 0.788298
0.363363 -0.653855 0.784401
0.364364 -0.658714 0.780475
0.365365 -0.663549 0.77652
0.366366 -0.668359 0.772535
0.367367 -0.673145 0.768522
0.368368 -0.677905 0.764481
0.369369 -0.682641 0.76041
0.37037 -0.687352 0.756312
0.371371 -0.692037 0.752185
0.372372 -0.696697 0.74803
0.373373 -0.701331 0.743848
0.374374 -0.70594 0.739637
0.375375 -0.710522 0.7354
0.376376 -0.715079 0.731134
0.377377 -0.719609 0.726842
0.378378 -0.724112 0.722522
0.379379 -0.728589 0.718176
0.38038 -0.73304 0.713803
0.381381 -0.737463 0.709403
0.382382 -0.741859 0.704977
0.383383 -0.746228 0.700525
0.384384 -0.75057 0.696047
0.385385 -0.754884 0.691543
0.386386 -0.75917 0.687014
0.387387 -0.763429 0.682458
0.388388 -0.76766 0.677878
0.389389 -0.771862 0.673272
0.39039 -0.776037 0.668642
0.391391 -0.780182 0.663986
0.392392 -0.7843 0.659306
0.393393 -0.788388 0.654602
0.394394 -0.792448 0.649873
0.395395 -0.796479 0.64512
0.396396 -0.80048 0.640344
0.397397 -0.804453 0.635544
0.398398 -0.808396 0.63072
0.399399 -0.812309 0.625873
0.4004 -0.816193 0.621002
0.401401 -0.820047 0.616109
0.402402 -0.823871 0.611193
0.403403 -0.827665 0.606254
0.404404 -0.831429 0.601293
0.405405 -0.835162 0.59631
0.406406 -0.838865 0.591305
0.407407 -0.842538 0.586278
0.408408 -0.846179 0.581229
0.409409 -0.84979 0.576159
0.41041 -0.85337 0.571068
0.411411 -0.856919 0.565955
0.412412 -0.860437 0.560822
0.413413 -0.863923 0.555668
0.414414 -0.867379 0.550493
0.415415 -0.870802 0.545298
0.416416 -0.874194 0.540084
0.417417 -0.877554 0.534849
0.418418 -0.880882 0.529595
0.419419 -0.884179 0.524321
0.42042 -0.887443 0.519027
0.421421 -0.890675 0.513715
0.422422 -0.893874 0.508384
0.423423 -0.897042 0.503034
0.424424 -0.900176 0.497666
0.425425 -0.903278 0.492279
0.426426 -0.906348 0.486874
0.427427 -0.909384 0.481452
0.428428 -0.912388 0.476011
0.429429 -0.915359 0.470553
0.43043 -0.918296 0.465078
0.431431 -0.9212 0.459586
0.432432 -0.924071 0.454077
0.433433 -0.926909 0.448551
0.434434 -0.929713 0.443009
0.435435 -0.932484 0.437451
0.436436 -0.935221 0.431876
0.437437 -0.937924 0.426286
0.438438 -0.940593 0.42068
0.439439 -0.943228 0.415059
0.44044 -0.94583 0.409422
0.441441 -0.948397 0.403771
0.442442 -0.95093 0.398104
0.443443 -0.953429 0.392423
0.444444 -0.955893 0.386728
0.445445 -0.958323 0.381019
0.446446 -0.960719 0.375295
0.447447 -0.96308 0.369558
0.448448 -0.965406 0.363807
0.449449 -0.967698 0.358043
0.45045 -0.969954 0.352266
0.451451 -0.972176 0.346476
0.452452 -0.974364 0.340674
0.453453 -0.976516 0.334858
0.454454 -0.978633 0.329031
0.455455 -0.980715 0.323192
0.456456 -0.982762 0.31734
0.457457 -0.984773 0.311477
0.458458 -0.986749 0.305603
0.459459 -0.98869 0.299718
0.46046 -0.990596 0.293821
0.461461 -0.992466 0.287914
0.462462 -0.9943 0.281996
0.463463 -0.996099 0.276068
0.464464 -0.997863 0.27013
0.465465 -0.99959 0.264182
0.466466 -1.00128 0.258224
0.467467 -1.00294 0.252257
0.468468 -1.00456 0.246281
0.469469 -1.00614 0.240295
0.47047 -1.00769 0.234301
0.471471 -1.0092 0.228298
0.472472 -1.01068 0.222287
0.473473 -1.01212 0.216268
0.474474 -1.01353 0.210241
0.475475 -1.01489 0.204206
0.476476 -1.01623 0.198163
0.477477 -1.01752 0.192113
0.478478 -1.01878 0.186056
0.479479 -1.02001 0.179993
0.48048 -1.02119 0.173922
0.481481 -1.02234 0.167846
0.482482 -1.02346 0.161763
0.483483 -1.02454 0.155674
0.484484 -1.02558 0.149579
0.485485 -1.02658 0.143479
0.486486 -1.02755 0.137374
0.487487 -1.02848 0.131263
0.488488 -1.02938 0.125148
0.489489 -1.03024 0.119028
0.49049 -1.03106 0.112903
0.491491 -1.03185 0.106774
0.492492 -1.0326 0.100642
0.493493 -1.03331 0.094505
0.494494 -1.03399 0.0883649
0.495495 -1.03463 0.0822214
0.496496 -1.03523 0.0760749
0.497497 -1.0358 0.0699254
0.498498 -1.03633 0.0637732
0.499499 -1.03682 0.0576185
0.500501 -1.03728 0.0514616
0.501502 -1.0377 0.0453026
0.502503 -1.03809 0.0391419
0.503504 -1.03843 0.0329795
0.504505 -1.03874 0.0268158
0.505506 -1.03902 0.0206509
0.506507 -1.03926 0.014485
0.507508 -1.03946 0.00831842
0.508509 -1.03962 0.00215133
0.50951 -1.03975 -0.00401606
0.510511 -1.03984 -0.0101835
0.511512 -1.03989 -0.0163508
0.512513 -1.03991 -0.0225178
0.513514 -1.03989 -0.0286842
0.514515 -1.03984 -0.0348498
0.515516 -1.03974 -0.0410144
0.516517 -1.03962 -0.0471777
0.517518 -1.03945 -0.0533397
0.518519 -1.03925 -0.0594999
0.51952 -1.03901 -0.0656583
0.520521 -1.03874 -0.0718146
0.521522 -1.03843 -0.0779687
0.522523 -1.03808 -0.0841201
0.523524 -1.0377 -0.0902689
0.524525 -1.03728 -0.0964147
0.525526 -1.03682 -0.102557
0.526527 -1.03633 -0.108697
0.527528 -1.0358 -0.114832
0.528529 -1.03523 -0.120964
0.52953 -1.03463 -0.127092
0.530531 -1.034 -0.133216
0.531532 -1.03332 -0.139335
0.532533 -1.03261 -0.14545
0.533534 -1.03187 -0.151559
0.534535 -1.03108 -0.157664
0.535536 -1.03027 -0.163763
0.536537 -1.02941 -0.169857
0.537538 -1.02852 -0.175945
0.538539 -1.0276 -0.182027
0.53954 -1.02664 -0.188104
0.540541 -1.02564 -0.194173
0.541542 -1.02461 -0.200237
0.542543 -1.02354 -0.206293
0.543544 -1.02244 -0.212343
0.544545 -1.0213 -0.218385
0.545546 -1.02012 -0.22442
0.546547 -1.01891 -0.230447
0.547548 -1.01766 -0.236467
0.548549 -1.01638 -0.242478
0.54955 -1.01507 -0.248482
0.550551 -1.01372 -0.254477
0.551552 -1.01233 -0.260463
0.552553 -1.01091 -0.266441
0.553554 -1.00945 -0.272409
0.554555 -1.00796 -0.278369
0.555556 -1.00643 -0.284318
0.556557 -1.00487 -0.290259
0.557558 -1.00327 -0.296189
0.558559 -1.00164 -0.302109
0.55956 -0.999973 -0.30802
0.560561 -0.998272 -0.313919
0.561562 -0.996537 -0.319808
0.562563 -0.994767 -0.325687
0.563564 -0.992963 -0.331554
0.564565 -0.991125 -0.33741
0.565566 -0.989252 -0.343254
0.566567 -0.987345 -0.349087
0.567568 -0.985404 -0.354908
0.568569 -0.983429 -0.360717
0.56957 -0.98142 -0.366514
0.570571 -0.979378 -0.372299
0.571572 -0.977301 -0.37807
0.572573 -0.975191 -0.383829
0.573574 -0.973047 -0.389575
0.574575 -0.97087 -0.395308
0.575576 -0.968659 -0.401028
0.576577 -0.966415 -0.406734
0.577578 -0.964138 -0.412426
0.578579 -0.961827 -0.418104
0.57958 -0.959484 -0.423768
0.580581 -0.957107 -0.429417
0.581582 -0.954698 -0.435053
0.582583 -0.952255 -0.440673
0.583584 -0.94978 -0.446279
0.584585 -0.947273 -0.451869
0.585586 -0.944733 -0.457444
0.586587 -0.94216 -0.463004
0.587588 -0.939556 -0.468548
0.588589 -0.936919 -0.474076
0.58959 -0.93425 -0.479588
0.590591 -0.931548 -0.485084
0.591592 -0.928815 -0.490564
0.592593 -0.926051 -0.496027
0.593594 -0.923254 -0.501473
0.594595 -0.920426 -0.506903
0.595596 -0.917566 -0.512315
0.596597 -0.914675 -0.51771
0.597598 -0.911753 -0.523087
0.598599 -0.9088 -0.528447
0.5996 -0.905815 -0.533789
0.600601 -0.9028 -0.539113
0.601602 -0.899753 -0.544419
0.602603 -0.896676 -0.549707
0.603604 -0.893569 -0.554976
0.604605 -0.890431 -0.560226
0.605606 -0.887262 -0.565458
0.606607 -0.884064 -0.57067
0.607608 -0.880835 -0.575864
0.608609 -0.877576 -0.581037
0.60961 -0.874287 -0.586192
0.610611 -0.870969 -0.591326
0.611612 -0.86762 -0.596441
0.612613 -0.864243 -0.601536
0.613614 -0.860836 -0.60661
0.614615 -0.857399 -0.611664
0.615616 -0.853934 -0.616698
0.616617 -0.850439 -0.621711
0.617618 -0.846916 -0.626703
0.618619 -0.843363 -0.631674
0.61962 -0.839782 -0.636623
0.620621 -0.836173 -0.641552
0.621622 -0.832535 -0.646459
0.622623 -0.828869 -0.651344
0.623624 -0.825175 -0.656207
0.624625 -0.821453 -0.661049
0.625626 -0.817703 -0.665868
0.626627 -0.813925 -0.670665
0.627628 -0.81012 -0.675439
0.628629 -0.806287 -0.680191
0.62963 -0.802427 -0.68492
0.630631 -0.798539 -0.689626
0.631632 -0.794625 -0.694309
0.632633 -0.790684 -0.698969
0.633634 -0.786716 -0.703605
0.634635 -0.782722 -0.708218
0.635636 -0.7787 -0.712808
0.636637 -0.774653 -0.717373
0.637638 -0.77058 -0.721915
0.638639 -0.76648 -0.726432
0.63964 -0.762355 -0.730925
0.640641 -0.758203 -0.735394
0.641642 -0.754027 -0.739838
0.642643 -0.749824 -0.744257
0.643644 -0.745597 -0.748652
0.644645 -0.741344 -0.753022
0.645646 -0.737066 -0.757366
0.646647 -0.732764 -0.761686
0.647648 -0.728437 -0.765979
0.648649 -0.724085 -0.770248
0.64965 -0.719709 -0.774491
0.650651 -0.715308 -0.778708
0.651652 -0.710884 -0.782899
0.652653 -0.706435 -0.787064
0.653654 -0.701963 -0.791202
0.654655 -0.697467 -0.795315
0.655656 -0.692948 -0.799401
0.656657 -0.688405 -0.80346
0.657658 -0.683839 -0.807493
0.658659 -0.67925 -0.811499
0.65966 -0.674639 -0.815478
0.660661 -0.670004 -0.81943
0.661662 -0.665347 -0.823355
0.662663 -0.660668 -0.827252
0.663664 -0.655967 -0.831122
0.664665 -0.651244 -0.834964
0.665666 -0.646498 -0.838779
0.666667 -0.641731 -0.842566
0.667668 -0.636943 -0.846324
0.668669 -0.632133 -0.850055
0.66967 -0.627302 -0.853758
0.670671 -0.62245 -0.857432
0.671672 -0.617577 -0.861078
0.672673 -0.612683 -0.864696
0.673674 -0.607769 -0.868284
0.674675 -0.602835 -0.871844
0.675676 -0.59788 -0.875376
0.676677 -0.592905 -0.878878
0.677678 -0.587911 -0.882351
0.678679 -0.582896 -0.885795
0.67968 -0.577863 -0.88921
0.680681 -0.572809 -0.892595
0.681682 -0.567737 -0.895951
0.682683 -0.562646 -0.899277
0.683684 -0.557536 -0.902574
0.684685 -0.552407 -0.90584
0.685686 -0.54726 -0.909077
0.686687 -0.542094 -0.912284
0.687688 -0.536911 -0.915461
0.688689 -0.531709 -0.918607
0.68969 -0.52649 -0.921724
0.690691 -0.521253 -0.924809
0.691692 -0.515998 -0.927865
0.692693 -0.510727 -0.93089
0.693694 -0.505438 -0.933884
0.694695 -0.500132 -0.936847
0.695696 -0.49481 -0.93978
0.696697 -0.489471 -0.942681
0.697698 -0.484116 -0.945552
0.698699 -0.478745 -0.948391
0.6997 -0.473358 -0.951199
0.700701 -0.467955 -0.953976
0.701702 -0.462536 -0.956722
0.702703 -0.457102 -0.959436
0.703704 -0.451653 -0.962118
0.704705 -0.446189 -0.964769
0.705706 -0.440709 -0.967389
0.706707 -0.435215 -0.969976
0.707708 -0.429707 -0.972532
0.708709 -0.424184 -0.975055
0.70971 -0.418647 -0.977547
0.710711 -0.413096 -0.980007
0.711712 -0.407532 -0.982434
0.712713 -0.401953 -0.984829
0.713714 -0.396362 -0.987192
0.714715 -0.390757 -0.989523
0.715716 -0.385139 -0.991821
0.716717 -0.379508 -0.994086
0.717718 -0.373865 -0.996319
0.718719 -0.368209 -0.99852
0.71972 -0.362541 -1.00069
0.720721 -0.356861 -1.00282
0.721722 -0.351169 -1.00492
0.722723 -0.345465 -1.00699
0.723724 -0.33975 -1.00903
0.724725 -0.334023 -1.01103
0.725726 -0.328285 -1.013
0.726727 -0.322537 -1.01494
0.727728 -0.316777 -1.01684
0.728729 -0.311007 -1.01871
0.72973 -0.305227 -1.02055
0.730731 -0.299436 -1.02236
0.731732 -0.293636 -1.02413
0.732733 -0.287825 -1.02586
0.733734 -0.282005 -1.02757
0.734735 -0.276176 -1.02924
0.735736 -0.270337 -1.03087
0.736737 -0.26449 -1.03248
0.737738 -0.258633 -1.03405
0.738739 -0.252768 -1.03558
0.73974 -0.246895 -1.03708
0.740741 -0.241013 -1.03855
0.741742 -0.235123 -1.03998
0.742743 -0.229225 -1.04138
0.743744 -0.22332 -1.04275
0.744745 -0.217407 -1.04408
0.745746 -0.211487 -1.04538
0.746747 -0.20556 -1.04664
0.747748 -0.199626 -1.04787
0.748749 -0.193685 -1.04907
0.74975 -0.187737 -1.05023
0.750751 -0.181784 -1.05136
0.751752 -0.175824 -1.05245
0.752753 -0.169858 -1.05351
0.753754 -0.163887 -1.05454
0.754755 -0.15791 -1.05553
0.755756 -0.151927 -1.05648
0.756757 -0.14594 -1.05741
0.757758 -0.139948 -1.05829
0.758759 -0.133951 -1.05915
0.75976 -0.127949 -1.05996
0.760761 -0.121943 -1.06075
0.761762 -0.115933 -1.0615
0.762763 -0.109919 -1.06221
0.763764 -0.103901 -1.06289
0.764765 -0.0978791 -1.06354
0.765766 -0.0918543 -1.06415
0.766767 -0.0858263 -1.06473
0.767768 -0.0797952 -1.06527
0.768769 -0.0737614 -1.06578
0.76977 -0.067725 -1.06625
0.770771 -0.0616863 -1.06669
0.771772 -0.0556453 -1.0671
0.772773 -0.0496023 -1.06747
0.773774 -0.0435575 -1.0678
0.774775 -0.0375111 -1.0681
0.775776 -0.0314633 -1.06837
0.776777 -0.0254143 -1.0686
0.777778 -0.0193643 -1.0688
0.778779 -0.0133134 -1.06896
0.77978 -0.0072619 -1.06909
0.780781 -0.00120998 -1.06918
0.781782 0.00484218 -1.06924
0.782783 0.0108944 -1.06926
0.783784 0.0169464 -1.06925
0.784785 0.0229981 -1.06921
0.785786 0.0290492 -1.06913
0.786787 0.0350996 -1.06901
0.787788 0.0411491 -1.06886
0.788789 0.0471974 -1.06868
0.78979 0.0532444 -1.06846
0.790791 0.0592899 -1.06821
0.791792 0.0653336 -1.06792
0.792793 0.0713754 -1.0676
0.793794 0.0774152 -1.06724
0.794795 0.0834526 -1.06685
0.795796 0.0894875 -1.06643
0.796797 0.0955197 -1.06597
0.797798 0.101549 -1.06547
0.798799 0.107575 -1.06494
0.7998 0.113598 -1.06438
0.800801 0.119618 -1.06378
0.801802 0.125634 -1.06315
0.802803 0.131646 -1.06249
0.803804 0.137654 -1.06179
0.804805 0.143657 -1.06105
0.805806 0.149656 -1.06028
0.806807 0.155651 -1.05948
0.807808 0.161641 -1.05864
0.808809 0.167626 -1.05777
0.80981 0.173605 -1.05687
0.810811 0.179579 -1.05593
0.811812 0.185548 -1.05495
0.812813 0.191511 -1.05395
0.813814 0.197468 -1.05291
0.814815 0.203418 -1.05183
0.815816 0.209363 -1.05072
0.816817 0.2153 -1.04958
0.817818 0.221232 -1.0484
0.818819 0.227156 -1.04719
0.81982 0.233073 -1.04595
0.820821 0.238982 -1.04467
0.821822 0.244885 -1.04336
0.822823 0.250779 -1.04201
0.823824 0.256666 -1.04063
0.824825 0.262544 -1.03922
0.825826 0.268415 -1.03778
0.826827 0.274277 -1.0363
0.827828 0.28013 -1.03479
0.828829 0.285974 -1.03324
0.82983 0.29181 -1.03166
0.830831 0.297636 -1.03005
0.831832 0.303453 -1.0284
0.832833 0.309261 -1.02673
0.833834 0.315058 -1.02502
0.834835 0.320846 -1.02327
0.835836 0.326624 -1.02149
0.836837 0.332391 -1.01969
0.837838 0.338148 -1.01784
0.838839 0.343894 -1.01597
0.83984 0.349629 -1.01406
0.840841 0.355354 -1.01212
0.841842 0.361067 -1.01015
0.842843 0.366769 -1.00814
0.843844 0.372459 -1.0061
0.844845 0.378137 -1.00403
0.845846 0.383804 -1.00193
0.846847 0.389458 -0.999797
0.847848 0.3951 -0.997631
0.848849 0.40073 -0.995433
0.84985 0.406347 -0.993202
0.850851 0.411951 -0.99094
0.851852 0.417542 -0.988646
0.852853 0.42312 -0.98632
0.853854 0.428685 -0.983963
0.854855 0.434236 -0.981574
0.855856 0.439773 -0.979153
0.856857 0.445296 -0.976702
0.857858 0.450806 -0.974218
0.858859 0.456301 -0.971704
0.85986 0.461782 -0.969159
0.860861 0.467248 -0.966582
0.861862 0.472699 -0.963974
0.862863 0.478136 -0.961336
0.863864 0.483557 -0.958666
0.864865 0.488963 -0.955966
0.865866 0.494353 -0.953236
0.866867 0.499728 -0.950475
0.867868 0.505088 -0.947683
0.868869 0.510431 -0.944861
0.86987 0.515758 -0.942009
0.870871 0.521069 -0.939126
0.871872 0.526363 -0.936213
0.872873 0.531641 -0.933271
0.873874 0.536901 -0.930298
0.874875 0.542145 -0.927296
0.875876 0.547372 -0.924264
0.876877 0.552581 -0.921203
0.877878 0.557773 -0.918112
0.878879 0.562948 -0.914991
0.87988 0.568104 -0.911842
0.880881 0.573243 -0.908663
0.881882 0.578363 -0.905455
0.882883 0.583465 -0.902218
0.883884 0.588549 -0.898952
0.884885 0.593614 -0.895657
0.885886 0.598661 -0.892334
0.886887 0.603688 -0.888982
0.887888 0.608696 -0.885602
0.888889 0.613685 -0.882193
0.88989 0.618655 -0.878756
0.890891 0.623605 -0.875291
0.891892 0.628536 -0.871798
0.892893 0.633446 -0.868277
0.893894 0.638337 -0.864728
0.894895 0.643207 -0.861152
0.895896 0.648057 -0.857548
0.896897 0.652886 -0.853917
0.897898 0.657695 -0.850258
0.898899 0.662483 -0.846572
0.8999 0.66725 -0.842859
0.900901 0.671996 -0.83912
0.901902 0.676721 -0.835353
0.902903 0.681425 -0.831559
0.903904 0.686106 -0.827739
0.904905 0.690767 -0.823893
0.905906 0.695405 -0.82002
0.906907 0.700021 -0.816121
0.907908 0.704615 -0.812196
0.908909 0.709187 -0.808245
0.90991 0.713737 -0.804268
0.910911 0.718264 -0.800265
0.911912 0.722768 -0.796237
0.912913 0.727249 -0.792183
0.913914 0.731708 -0.788104
0.914915 0.736143 -0.783999
0.915916 0.740555 -0.77987
0.916917 0.744943 -0.775716
0.917918 0.749308 -0.771537
0.918919 0.75365 -0.767333
0.91992 0.757967 -0.763105
0.920921 0.762261 -0.758852
0.921922 0.76653 -0.754575
0.922923 0.770775 -0.750274
0.923924 0.774996 -0.745949
0.924925 0.779192 -0.7416
0.925926 0.783364 -0.737227
0.926927 0.787511 -0.732831
0.927928 0.791633 -0.728412
0.928929 0.79573 -0.723969
0.92993 0.799802 -0.719503
0.930931 0.803848 -0.715014
0.931932 0.80787 -0.710502
0.932933 0.811865 -0.705967
0.933934 0.815835 -0.70141
0.934935 0.819779 -0.69683
0.935936 0.823698 -0.692229
0.936937 0.82759 -0.687605
0.937938 0.831456 -0.682959
0.938939 0.835296 -0.678291
0.93994 0.839109 -0.673601
0.940941 0.842896 -0.66889
0.941942 0.846656 -0.664158
0.942943 0.85039 -0.659404
0.943944 0.854096 -0.654629
0.944945 0.857776 -0.649834
0.945946 0.861428 -0.645017
0.946947 0.865053 -0.64018
0.947948 0.868651 -0.635322
0.948949 0.872222 -0.630444
0.94995 0.875765 -0.625546
0.950951 0.87928 -0.620628
0.951952 0.882767 -0.61569
0.952953 0.886227 -0.610733
0.953954 0.889658 -0.605756
0.954955 0.893062 -0.600759
0.955956 0.896437 -0.595743
0.956957 0.899784 -0.590709
0.957958 0.903102 -0.585655
0.958959 0.906392 -0.580582
0.95996 0.909653 -0.575491
0.960961 0.912885 -0.570382
0.961962 0.916089 -0.565254
0.962963 0.919264 -0.560109
0.963964 0.922409 -0.554945
0.964965 0.925526 -0.549763
0.965966 0.928613 -0.544564
0.966967 0.931671 -0.539348
0.967968 0.934699 -0.534114
0.968969 0.937698 -0.528863
0.96997 0.940667 -0.523595
0.970971 0.943607 -0.518311
0.971972 0.946516 -0.51301
0.972973 0.949396 -0.507692
0.973974 0.952246 -0.502358
0.974975 0.955065 -0.497008
0.975976 0.957855 -0.491642
0.976977 0.960614 -0.486261
0.977978 0.963343 -0.480864
0.978979 0.966041 -0.475451
0.97998 0.968709 -0.470023
0.980981 0.971346 -0.46458
0.981982 0.973953 -0.459122
0.982983 0.976529 -0.45365
0.983984 0.979074 -0.448163
0.984985 0.981588 -0.442661
0.985986 0.984071 -0.437145
0.986987 0.986522 -0.431616
0.987988 0.988943 -0.426072
0.988989 0.991332 -0.420515
0.98999 0.99369 -0.414944
0.990991 0.996017 -0.40936
0.991992 0.998312 -0.403763
0.992993 1.00058 -0.398153
0.993994 1.00281 -0.39253
0.994995 1.00501 -0.386894
0.995996 1.00718 -0.381246
0.996997 1.00931 -0.375586
0.997998 1.01142 -0.369914
0.998999 1.01349 -0.36423
1 1.01553 -0.358534
