t x y
0 1 0
0.001001 0.99998 0.00628947
0.002002 0.999921 0.0125787
0.003003 0.999822 0.0188674
0.004004 0.999684 0.0251554
0.00500501 0.999506 0.0314424
0.00600601 0.999288 0.0377281
0.00700701 0.999031 0.0440124
0.00800801 0.998734 0.0502949
0.00900901 0.998398 0.0565754
0.01001 0.998023 0.0628537
0.011011 0.997608 0.0691295
0.012012 0.997153 0.0754026
0.013013 0.996659 0.0816726
0.014014 0.996126 0.0879395
0.015015 0.995553 0.0942029
0.016016 0.994941 0.100462
0.017017 0.994289 0.106718
0.018018 0.993599 0.11297
0.019019 0.992868 0.119217
0.02002 0.992099 0.125459
0.021021 0.99129 0.131696
0.022022 0.990442 0.137928
0.023023 0.989555 0.144155
0.024024 0.988629 0.150376
0.025025 0.987664 0.156591
0.026026 0.986659 0.1628
0.027027 0.985616 0.169002
0.028028 0.984533 0.175198
0.029029 0.983412 0.181386
0.03003 0.982252 0.187568
0.031031 0.981053 0.193742
0.032032 0.979815 0.199908
0.033033 0.978538 0.206067
0.034034 0.977223 0.212217
0.035035 0.975869 0.21836
0.036036 0.974476 0.224493
0.037037 0.973045 0.230617
0.038038 0.971575 0.236733
0.039039 0.970067 0.242839
0.04004 0.96852 0.248935
0.041041 0.966936 0.255022
0.042042 0.965313 0.261098
0.043043 0.963651 0.267164
0.044044 0.961952 0.27322
0.045045 0.960215 0.279265
0.046046 0.958439 0.285298
0.047047 0.956626 0.291321
0.048048 0.954775 0.297332
0.049049 0.952886 0.303331
0.0500501 0.950959 0.309318
0.0510511 0.948995 0.315293
0.0520521 0.946993 0.321255
0.0530531 0.944954 0.327205
0.0540541 0.942877 0.333142
0.0550551 0.940763 0.339066
0.0560561 0.938612 0.344976
0.0570571 0.936424 0.350872
0.0580581 0.934199 0.356755
0.0590591 0.931936 0.362624
0.0600601 0.929637 0.368478
0.0610611 0.927301 0.374317
0.0620621 0.924929 0.380142
0.0630631 0.92252 0.385952
0.0640641 0.920074 0.391747
0.0650651 0.917592 0.397526
0.0660661 0.915074 0.403289
0.0670671 0.912519 0.409036
0.0680681 0.909928 0.414767
0.0690691 0.907302 0.420482
0.0700701 0.904639 0.42618
0.0710711 0.901941 0.431862
0.0720721 0.899207 0.437526
0.0730731 0.896437 0.443173
0.0740741 0.893632 0.448802
0.0750751 0.890792 0.454414
0.0760761 0.887916 0.460007
0.0770771 0.885006 0.465583
0.0780781 0.88206 0.47114
0.0790791 0.879079 0.476678
0.0800801 0.876064 0.482198
0.0810811 0.873014 0.487698
0.0820821 0.869929 0.493179
0.0830831 0.86681 0.498641
0.0840841 0.863657 0.504083
0.0850851 0.860469 0.509505
0.0860861 0.857248 0.514907
0.0870871 0.853992 0.520288
0.0880881 0.850703 0.525649
0.0890891 0.84738 0.530989
0.0900901 0.844024 0.536308
0.0910911 0.840634 0.541606
0.0920921 0.837211 0.546882
0.0930931 0.833755 0.552137
0.0940941 0.830266 0.55737
0.0950951 0.826744 0.562581
0.0960961 0.82319 0.56777
0.0970971 0.819602 0.572936
0.0980981 0.815983 0.57808
0.0990991 0.812331 0.5832
0.1001 0.808647 0.588298
0.101101 0.804931 0.593372
0.102102 0.801183 0.598423
0.103103 0.797403 0.60345
0.104104 0.793592 0.608453
0.105105 0.78975 0.613433
0.106106 0.785876 0.618388
0.107107 0.781971 0.623318
0.108108 0.778035 0.628224
0.109109 0.774069 0.633105
0.11011 0.770072 0.637961
0.111111 0.766044 0.642792
0.112112 0.761986 0.647597
0.113113 0.757898 0.652377
0.114114 0.75378 0.657131
0.115115 0.749632 0.661859
0.116116 0.745455 0.66656
0.117117 0.741248 0.671236
0.118118 0.737011 0.675884
0.119119 0.732746 0.680506
0.12012 0.728451 0.685102
0.121121 0.724128 0.68967
0.122122 0.719776 0.69421
0.123123 0.715396 0.698724
0.124124 0.710987 0.703209
0.125125 0.70655 0.707667
0.126126 0.702085 0.712097
0.127127 0.697593 0.716499
0.128128 0.693073 0.720872
0.129129 0.688525 0.725217
0.13013 0.68395 0.729533
0.131131 0.679348 0.73382
0.132132 0.67472 0.738078
0.133133 0.670064 0.742307
0.134134 0.665382 0.746507
0.135135 0.660674 0.750677
0.136136 0.65594 0.754818
0.137137 0.65118 0.758928
0.138138 0.646393 0.763009
0.139139 0.641582 0.767059
0.14014 0.636745 0.771079
0.141141 0.631883 0.775069
0.142142 0.626995 0.779028
0.143143 0.622083 0.782956
0.144144 0.617147 0.786853
0.145145 0.612186 0.790719
0.146146 0.6072 0.794554
0.147147 0.602191 0.798357
0.148148 0.597158 0.802129
0.149149 0.592101 0.805868
0.15015 0.587021 0.809577
0.151151 0.581918 0.813253
0.152152 0.576792 0.816896
0.153153 0.571642 0.820508
0.154154 0.566471 0.824087
0.155155 0.561276 0.827634
0.156156 0.55606 0.831147
0.157157 0.550822 0.834628
0.158158 0.545561 0.838076
0.159159 0.54028 0.841491
0.16016 0.534976 0.844872
0.161161 0.529652 0.84822
0.162162 0.524307 0.851535
0.163163 0.518941 0.854816
0.164164 0.513554 0.858063
0.165165 0.508147 0.861276
0.166166 0.502721 0.864455
0.167167 0.497274 0.867599
0.168168 0.491807 0.87071
0.169169 0.486321 0.873786
0.17017 0.480816 0.876827
0.171171 0.475292 0.879834
0.172172 0.469749 0.882806
0.173173 0.464187 0.885743
0.174174 0.458607 0.888645
0.175175 0.453009 0.891512
0.176176 0.447393 0.894343
0.177177 0.441759 0.89714
0.178178 0.436108 0.8999
0.179179 0.43044 0.902625
0.18018 0.424754 0.905315
0.181181 0.419052 0.907968
0.182182 0.413333 0.910586
0.183183 0.407598 0.913168
0.184184 0.401847 0.915713
0.185185 0.39608 0.918223
0.186186 0.390297 0.920696
0.187187 0.384498 0.923132
0.188188 0.378685 0.925532
0.189189 0.372856 0.927896
0.19019 0.367013 0.930223
0.191191 0.361155 0.932512
0.192192 0.355283 0.934766
0.193193 0.349397 0.936982
0.194194 0.343497 0.939161
0.195195 0.337584 0.941302
0.196196 0.331657 0.943407
0.197197 0.325717 0.945474
0.198198 0.319764 0.947504
0.199199 0.313798 0.949497
0.2002 0.30782 0.951452
0.201201 0.30183 0.953369
0.202202 0.295828 0.955248
0.203203 0.289814 0.95709
0.204204 0.283789 0.958894
0.205205 0.277753 0.96066
0.206206 0.271705 0.962388
0.207207 0.265647 0.964078
0.208208 0.259578 0.96573
0.209209 0.253499 0.967343
0.21021 0.24741 0.968918
0.211211 0.241312 0.970455
0.212212 0.235203 0.971954
0.213213 0.229086 0.973414
0.214214 0.222959 0.974836
0.215215 0.216824 0.976219
0.216216 0.210679 0.977563
0.217217 0.204527 0.978869
0.218218 0.198367 0.980136
0.219219 0.192198 0.981364
0.22022 0.186022 0.982554
0.221221 0.179839 0.983704
0.222222 0.173649 0.984816
0.223223 0.167451 0.985889
0.224224 0.161247 0.986922
0.225225 0.155037 0.987917
0.226226 0.148821 0.988873
0.227227 0.142598 0.989789
0.228228 0.13637 0.990667
0.229229 0.130137 0.991505
0.23023 0.123898 0.992304
0.231231 0.117655 0.993063
0.232232 0.111407 0.993784
0.233233 0.105154 0.994465
0.234234 0.0988979 0.995107
0.235235 0.0926373 0.995709
0.236236 0.0863731 0.996272
0.237237 0.0801055 0.996795
0.238238 0.0738347 0.99728
0.239239 0.067561 0.997724
0.24024 0.0612846 0.99813
0.241241 0.0550058 0.998495
0.242242 0.0487249 0.998822
0.243243 0.042442 0.999108
0.244244 0.0361574 0.999356
0.245245 0.0298714 0.999563
0.246246 0.0235842 0.999731
0.247247 0.017296 0.99986
0.248248 0.0110072 0.999949
0.249249 0.00471797 0.999999
0.25025 -0.00157147 1.00001
0.251251 -0.00786084 0.999979
0.252252 -0.0141499 0.99991
0.253253 -0.0204384 0.999801
0.254254 -0.0267261 0.999653
0.255255 -0.0330127 0.999465
0.256256 -0.0392981 0.999238
0.257257 -0.0455819 0.998971
0.258258 -0.0518638 0.998665
0.259259 -0.0581437 0.998319
0.26026 -0.0644214 0.997933
0.261261 -0.0706964 0.997508
0.262262 -0.0769687 0.997044
0.263263 -0.083238 0.99654
0.264264 -0.0895039 0.995997
0.265265 -0.0957663 0.995415
0.266266 -0.102025 0.994793
0.267267 -0.108279 0.994131
0.268268 -0.11453 0.993431
0.269269 -0.120776 0.992691
0.27027 -0.127017 0.991912
0.271271 -0.133252 0.991093
0.272272 -0.139483 0.990236
0.273273 -0.145708 0.989339
0.274274 -0.151928 0.988403
0.275275 -0.158141 0.987428
0.276276 -0.164348 0.986414
0.277277 -0.170549 0.985361
0.278278 -0.176743 0.984269
0.279279 -0.18293 0.983138
0.28028 -0.189109 0.981968
0.281281 -0.195282 0.980759
0.282282 -0.201446 0.979512
0.283283 -0.207603 0.978225
0.284284 -0.213751 0.9769
0.285285 -0.219891 0.975537
0.286286 -0.226022 0.974135
0.287287 -0.232144 0.972694
0.288288 -0.238257 0.971215
0.289289 -0.244361 0.969697
0.29029 -0.250455 0.968141
0.291291 -0.256539 0.966547
0.292292 -0.262612 0.964914
0.293293 -0.268676 0.963244
0.294294 -0.274729 0.961535
0.295295 -0.280771 0.959788
0.296296 -0.286802 0.958003
0.297297 -0.292821 0.956181
0.298298 -0.298829 0.95432
0.299299 -0.304825 0.952422
0.3003 -0.310809 0.950486
0.301301 -0.316781 0.948512
0.302302 -0.32274 0.946501
0.303303 -0.328687 0.944453
0.304304 -0.33462 0.942367
0.305305 -0.34054 0.940244
0.306306 -0.346447 0.938084
0.307307 -0.35234 0.935886
0.308308 -0.358219 0.933652
0.309309 -0.364084 0.93138
0.31031 -0.369935 0.929072
0.311311 -0.375771 0.926727
0.312312 -0.381592 0.924346
0.313313 -0.387398 0.921927
0.314314 -0.393189 0.919473
0.315315 -0.398964 0.916982
0.316316 -0.404723 0.914454
0.317317 -0.410466 0.911891
0.318318 -0.416193 0.909291
0.319319 -0.421904 0.906656
0.32032 -0.427598 0.903985
0.321321 -0.433275 0.901278
0.322322 -0.438935 0.898535
0.323323 -0.444577 0.895756
0.324324 -0.450202 0.892943
0.325325 -0.455809 0.890094
0.326326 -0.461398 0.887209
0.327327 -0.466969 0.88429
0.328328 -0.472521 0.881336
0.329329 -0.478055 0.878346
0.33033 -0.48357 0.875322
0.331331 -0.489065 0.872264
0.332332 -0.494542 0.869171
0.333333 -0.499998 0.866043
0.334334 -0.505435 0.862882
0.335335 -0.510852 0.859686
0.336336 -0.516249 0.856456
0.337337 -0.521625 0.853192
0.338338 -0.526981 0.849895
0.339339 -0.532316 0.846564
0.34034 -0.53763 0.843199
0.341341 -0.542922 0.839801
0.342342 -0.548193 0.83637
0.343343 -0.553443 0.832906
0.344344 -0.55867 0.829409
0.345345 -0.563875 0.825879
0.346346 -0.569058 0.822316
0.347347 -0.574219 0.818721
0.348348 -0.579357 0.815093
0.349349 -0.584472 0.811433
0.35035 -0.589564 0.807741
0.351351 -0.594632 0.804018
0.352352 -0.599677 0.800262
0.353353 -0.604698 0.796475
0.354354 -0.609695 0.792656
0.355355 -0.614669 0.788806
0.356356 -0.619618 0.784924
0.357357 -0.624542 0.781012
0.358358 -0.629442 0.777068
0.359359 -0.634316 0.773094
0.36036 -0.639166 0.76909
0.361361 -0.643991 0.765055
0.362362 -0.648789 0.760989
0.363363 -0.653563 0.756894
0.364364 -0.65831 0.752768
0.365365 -0.663031 0.748613
0.366366 -0.667727 0.744429
0.367367 -0.672395 0.740214
0.368368 -0.677038 0.735971
0.369369 -0.681653 0.731698
0.37037 -0.686241 0.727397
0.371371 -0.690803 0.723066
0.372372 -0.695336 0.718708
0.373373 -0.699843 0.71432
0.374374 -0.704322 0.709905
0.375375 -0.708772 0.705461
0.376376 -0.713195 0.700989
0.377377 -0.71759 0.69649
0.378378 -0.721956 0.691963
0.379379 -0.726294 0.687409
0.38038 -0.730603 0.682828
0.381381 -0.734883 0.678219
0.382382 -0.739134 0.673584
0.383383 -0.743356 0.668922
0.384384 -0.747548 0.664234
0.385385 -0.751711 0.659519
0.386386 -0.755844 0.654778
0.387387 -0.759947 0.650012
0.388388 -0.76402 0.645219
0.389389 -0.768063 0.640401
0.39039 -0.772075 0.635558
0.391391 -0.776057 0.63069
0.392392 -0.780009 0.625797
0.393393 -0.783929 0.620879
0.394394 -0.787818 0.615936
0.395395 -0.791677 0.610969
0.396396 -0.795504 0.605978
0.397397 -0.799299 0.600963
0.398398 -0.803063 0.595924
0.399399 -0.806795 0.590862
0.4004 -0.810495 0.585776
0.401401 -0.814163 0.580667
0.402402 -0.817799 0.575535
0.403403 -0.821403 0.57038
0.404404 -0.824974 0.565203
0.405405 -0.828512 0.560003
0.406406 -0.832018 0.554782
0.407407 -0.83549 0.549538
0.408408 -0.83893 0.544272
0.409409 -0.842337 0.538985
0.41041 -0.84571 0.533677
0.411411 -0.84905 0.528348
0.412412 -0.852356 0.522997
0.413413 -0.855628 0.517626
0.414414 -0.858867 0.512235
0.415415 -0.862071 0.506823
0.416416 -0.865242 0.501391
0.417417 -0.868378 0.49594
0.418418 -0.87148 0.490469
0.419419 -0.874547 0.484978
0.42042 -0.87758 0.479468
0.421421 -0.880579 0.473939
0.422422 -0.883542 0.468392
0.423423 -0.88647 0.462826
0.424424 -0.889364 0.457241
0.425425 -0.892222 0.451639
0.426426 -0.895045 0.446019
0.427427 -0.897832 0.440381
0.428428 -0.900584 0.434725
0.429429 -0.9033 0.429053
0.43043 -0.905981 0.423363
0.431431 -0.908625 0.417657
0.432432 -0.911234 0.411934
0.433433 -0.913807 0.406195
0.434434 -0.916344 0.40044
0.435435 -0.918844 0.394669
0.436436 -0.921308 0.388882
0.437437 -0.923736 0.38308
0.438438 -0.926127 0.377263
0.439439 -0.928481 0.371431
0.44044 -0.930799 0.365584
0.441441 -0.93308 0.359723
0.442442 -0.935324 0.353847
0.443443 -0.93753 0.347958
0.444444 -0.9397 0.342055
0.445445 -0.941833 0.336138
0.446446 -0.943928 0.330208
0.447447 -0.945987 0.324265
0.448448 -0.948007 0.318309
0.449449 -0.94999 0.31234
0.45045 -0.951936 0.306359
0.451451 -0.953844 0.300366
0.452452 -0.955714 0.294361
0.453453 -0.957547 0.288345
0.454454 -0.959341 0.282317
0.455455 -0.961098 0.276278
0.456456 -0.962816 0.270228
0.457457 -0.964497 0.264167
0.458458 -0.966139 0.258096
0.459459 -0.967743 0.252015
0.46046 -0.969309 0.245923
0.461461 -0.970837 0.239822
0.462462 -0.972326 0.233712
0.463463 -0.973777 0.227592
0.464464 -0.975189 0.221463
0.465465 -0.976562 0.215326
0.466466 -0.977897 0.209179
0.467467 -0.979193 0.203025
0.468468 -0.980451 0.196863
0.469469 -0.98167 0.190693
0.47047 -0.98285 0.184515
0.471471 -0.983991 0.17833
0.472472 -0.985093 0.172138
0.473473 -0.986156 0.165939
0.474474 -0.98718 0.159733
0.475475 -0.988165 0.153522
0.476476 -0.989111 0.147304
0.477477 -0.990018 0.14108
0.478478 -0.990886 0.134851
0.479479 -0.991714 0.128616
0.48048 -0.992503 0.122377
0.481481 -0.993253 0.116132
0.482482 -0.993964 0.109883
0.483483 -0.994636 0.10363
0.484484 -0.995268 0.0973721
0.485485 -0.99586 0.0911107
0.486486 -0.996414 0.0848457
0.487487 -0.996928 0.0785774
0.488488 -0.997402 0.0723059
0.489489 -0.997837 0.0660316
0.49049 -0.998233 0.0597547
0.491491 -0.998589 0.0534754
0.492492 -0.998905 0.047194
0.493493 -0.999182 0.0409107
0.494494 -0.99942 0.0346258
0.495495 -0.999618 0.0283395
0.496496 -0.999776 0.0220521
0.497497 -0.999895 0.0157639
0.498498 -0.999975 0.009475
0.499499 -1.00001 0.00318575
0.500501 -1.00001 -0.00310364
0.501502 -0.999976 -0.0093929
0.502503 -0.999897 -0.0156818
0.503504 -0.999778 -0.0219701
0.504505 -0.99962 -0.0282575
0.505506 -0.999423 -0.0345437
0.506507 -0.999186 -0.0408286
0.507508 -0.998909 -0.0471119
0.508509 -0.998593 -0.0533934
0.50951 -0.998238 -0.0596727
0.510511 -0.997843 -0.0659497
0.511512 -0.997408 -0.072224
0.512513 -0.996934 -0.0784955
0.513514 -0.996421 -0.0847639
0.514515 -0.995868 -0.091029
0.515516 -0.995276 -0.0972904
0.516517 -0.994644 -0.103548
0.517518 -0.993973 -0.109801
0.518519 -0.993263 -0.116051
0.51952 -0.992513 -0.122295
0.520521 -0.991725 -0.128535
0.521522 -0.990897 -0.13477
0.522523 -0.990029 -0.140999
0.523524 -0.989123 -0.147223
0.524525 -0.988178 -0.153441
0.525526 -0.987193 -0.159652
0.526527 -0.986169 -0.165858
0.527528 -0.985107 -0.172057
0.528529 -0.984005 -0.178249
0.52953 -0.982865 -0.184434
0.530531 -0.981685 -0.190612
0.531532 -0.980467 -0.196782
0.532533 -0.97921 -0.202945
0.533534 -0.977914 -0.209099
0.534535 -0.97658 -0.215245
0.535536 -0.975207 -0.221383
0.536537 -0.973795 -0.227512
0.537538 -0.972345 -0.233632
0.538539 -0.970856 -0.239743
0.53954 -0.969329 -0.245844
0.540541 -0.967764 -0.251935
0.541542 -0.96616 -0.258017
0.542543 -0.964519 -0.264088
0.543544 -0.962839 -0.270149
0.544545 -0.96112 -0.276199
0.545546 -0.959364 -0.282238
0.546547 -0.95757 -0.288266
0.547548 -0.955738 -0.294283
0.548549 -0.953869 -0.300288
0.54955 -0.951961 -0.306281
0.550551 -0.950016 -0.312262
0.551552 -0.948033 -0.318231
0.552553 -0.946013 -0.324187
0.553554 -0.943956 -0.33013
0.554555 -0.941861 -0.336061
0.555556 -0.939728 -0.341977
0.556557 -0.937559 -0.347881
0.557558 -0.935353 -0.353771
0.558559 -0.933109 -0.359646
0.55956 -0.930829 -0.365508
0.560561 -0.928512 -0.371355
0.561562 -0.926158 -0.377187
0.562563 -0.923767 -0.383004
0.563564 -0.92134 -0.388806
0.564565 -0.918876 -0.394593
0.565566 -0.916377 -0.400364
0.566567 -0.91384 -0.40612
0.567568 -0.911268 -0.411859
0.568569 -0.90866 -0.417582
0.56957 -0.906016 -0.423289
0.570571 -0.903335 -0.428978
0.571572 -0.90062 -0.434651
0.572573 -0.897868 -0.440307
0.573574 -0.895081 -0.445945
0.574575 -0.892259 -0.451566
0.575576 -0.889401 -0.457168
0.576577 -0.886508 -0.462753
0.577578 -0.88358 -0.468319
0.578579 -0.880617 -0.473867
0.57958 -0.87762 -0.479396
0.580581 -0.874587 -0.484906
0.581582 -0.87152 -0.490397
0.582583 -0.868419 -0.495868
0.583584 -0.865283 -0.50132
0.584585 -0.862113 -0.506752
0.585586 -0.858909 -0.512164
0.586587 -0.855671 -0.517556
0.587588 -0.852399 -0.522927
0.588589 -0.849093 -0.528278
0.58959 -0.845754 -0.533608
0.590591 -0.842381 -0.538916
0.591592 -0.838975 -0.544203
0.592593 -0.835536 -0.549469
0.593594 -0.832063 -0.554713
0.594595 -0.828558 -0.559935
0.595596 -0.82502 -0.565135
0.596597 -0.821449 -0.570313
0.597598 -0.817846 -0.575468
0.598599 -0.814211 -0.5806
0.5996 -0.810543 -0.585709
0.600601 -0.806843 -0.590795
0.601602 -0.803112 -0.595858
0.602603 -0.799348 -0.600897
0.603604 -0.795553 -0.605913
0.604605 -0.791727 -0.610904
0.605606 -0.787869 -0.615871
0.606607 -0.78398 -0.620814
0.607608 -0.78006 -0.625733
0.608609 -0.776109 -0.630626
0.60961 -0.772128 -0.635495
0.610611 -0.768116 -0.640338
0.611612 -0.764073 -0.645157
0.612613 -0.76 -0.649949
0.613614 -0.755898 -0.654716
0.614615 -0.751765 -0.659457
0.615616 -0.747603 -0.664172
0.616617 -0.743411 -0.668861
0.617618 -0.739189 -0.673523
0.618619 -0.734939 -0.678159
0.61962 -0.730659 -0.682768
0.620621 -0.72635 -0.687349
0.621622 -0.722013 -0.691904
0.622623 -0.717647 -0.696431
0.623624 -0.713253 -0.700931
0.624625 -0.70883 -0.705403
0.625626 -0.70438 -0.709847
0.626627 -0.699902 -0.714263
0.627628 -0.695395 -0.71865
0.628629 -0.690862 -0.72301
0.62963 -0.686301 -0.72734
0.630631 -0.681713 -0.731642
0.631632 -0.677098 -0.735915
0.632633 -0.672456 -0.740159
0.633634 -0.667788 -0.744374
0.634635 -0.663093 -0.748559
0.635636 -0.658372 -0.752714
0.636637 -0.653625 -0.75684
0.637638 -0.648852 -0.760936
0.638639 -0.644053 -0.765002
0.63964 -0.639229 -0.769037
0.640641 -0.63438 -0.773042
0.641642 -0.629505 -0.777017
0.642643 -0.624606 -0.78096
0.643644 -0.619682 -0.784873
0.644645 -0.614733 -0.788755
0.645646 -0.609761 -0.792606
0.646647 -0.604764 -0.796425
0.647648 -0.599743 -0.800213
0.648649 -0.594698 -0.803969
0.64965 -0.58963 -0.807693
0.650651 -0.584538 -0.811385
0.651652 -0.579424 -0.815046
0.652653 -0.574286 -0.818674
0.653654 -0.569126 -0.822269
0.654655 -0.563943 -0.825832
0.655656 -0.558738 -0.829363
0.656657 -0.553511 -0.83286
0.657658 -0.548262 -0.836325
0.658659 -0.542991 -0.839757
0.65966 -0.537699 -0.843155
0.660661 -0.532385 -0.84652
0.661662 -0.527051 -0.849851
0.662663 -0.521695 -0.853149
0.663664 -0.516319 -0.856414
0.664665 -0.510923 -0.859644
0.665666 -0.505506 -0.86284
0.666667 -0.50007 -0.866002
0.667668 -0.494613 -0.86913
0.668669 -0.489137 -0.872224
0.66967 -0.483642 -0.875283
0.670671 -0.478127 -0.878307
0.671672 -0.472594 -0.881297
0.672673 -0.467042 -0.884252
0.673674 -0.461471 -0.887171
0.674675 -0.455882 -0.890056
0.675676 -0.450275 -0.892906
0.676677 -0.444651 -0.89572
0.677678 -0.439008 -0.898499
0.678679 -0.433349 -0.901242
0.67968 -0.427672 -0.90395
0.680681 -0.421978 -0.906621
0.681682 -0.416268 -0.909257
0.682683 -0.410541 -0.911857
0.683684 -0.404798 -0.914421
0.684685 -0.399039 -0.916949
0.685686 -0.393264 -0.919441
0.686687 -0.387474 -0.921896
0.687688 -0.381668 -0.924314
0.688689 -0.375847 -0.926696
0.68969 -0.370011 -0.929042
0.690691 -0.364161 -0.931351
0.691692 -0.358296 -0.933622
0.692693 -0.352417 -0.935857
0.693694 -0.346524 -0.938055
0.694695 -0.340618 -0.940216
0.695696 -0.334698 -0.94234
0.696697 -0.328764 -0.944426
0.697698 -0.322818 -0.946475
0.698699 -0.316859 -0.948486
0.6997 -0.310887 -0.95046
0.700701 -0.304903 -0.952397
0.701702 -0.298907 -0.954296
0.702703 -0.2929 -0.956157
0.703704 -0.28688 -0.95798
0.704705 -0.28085 -0.959765
0.705706 -0.274808 -0.961512
0.706707 -0.268755 -0.963222
0.707708 -0.262692 -0.964893
0.708709 -0.256618 -0.966526
0.70971 -0.250534 -0.968121
0.710711 -0.24444 -0.969677
0.711712 -0.238337 -0.971195
0.712713 -0.232224 -0.972675
0.713714 -0.226102 -0.974116
0.714715 -0.219971 -0.975519
0.715716 -0.213831 -0.976883
0.716717 -0.207683 -0.978208
0.717718 -0.201527 -0.979495
0.718719 -0.195362 -0.980743
0.71972 -0.18919 -0.981952
0.720721 -0.183011 -0.983123
0.721722 -0.176824 -0.984254
0.722723 -0.17063 -0.985347
0.723724 -0.164429 -0.986401
0.724725 -0.158222 -0.987415
0.725726 -0.152009 -0.988391
0.726727 -0.14579 -0.989327
0.727728 -0.139565 -0.990224
0.728729 -0.133334 -0.991082
0.72973 -0.127098 -0.991901
0.730731 -0.120857 -0.992681
0.731732 -0.114611 -0.993422
0.732733 -0.108361 -0.994123
0.733734 -0.102107 -0.994784
0.734735 -0.0958481 -0.995407
0.735736 -0.0895857 -0.99599
0.736737 -0.0833199 -0.996534
0.737738 -0.0770507 -0.997038
0.738739 -0.0707784 -0.997503
0.73974 -0.0645034 -0.997928
0.740741 -0.0582258 -0.998314
0.741742 -0.0519459 -0.99866
0.742743 -0.0456639 -0.998967
0.743744 -0.0393802 -0.999235
0.744745 -0.0330949 -0.999462
0.745746 -0.0268083 -0.999651
0.746747 -0.0205206 -0.9998
0.747748 -0.0142321 -0.999909
0.748749 -0.00794303 -0.999978
0.74975 -0.00165366 -1.00001
0.750751 0.00463578 -0.999999
0.751752 0.010925 -0.99995
0.752753 0.0172139 -0.999862
0.753754 0.023502 -0.999733
0.754755 0.0297892 -0.999566
0.755756 0.0360752 -0.999359
0.756757 0.0423598 -0.999112
0.757758 0.0486428 -0.998826
0.758759 0.0549238 -0.9985
0.75976 0.0612026 -0.998135
0.760761 0.067479 -0.99773
0.761762 0.0737528 -0.997286
0.762763 0.0800236 -0.996802
0.763764 0.0862912 -0.996279
0.764765 0.0925555 -0.995717
0.765766 0.0988161 -0.995115
0.766767 0.105073 -0.994474
0.767768 0.111325 -0.993793
0.768769 0.117573 -0.993073
0.76977 0.123817 -0.992314
0.770771 0.130055 -0.991515
0.771772 0.136289 -0.990678
0.772773 0.142517 -0.989801
0.773774 0.148739 -0.988885
0.774775 0.154956 -0.98793
0.775776 0.161166 -0.986936
0.776777 0.16737 -0.985903
0.777778 0.173568 -0.98483
0.778779 0.179758 -0.983719
0.77978 0.185941 -0.982569
0.780781 0.192118 -0.98138
0.781782 0.198286 -0.980152
0.782783 0.204447 -0.978886
0.783784 0.210599 -0.977581
0.784785 0.216743 -0.976237
0.785786 0.222879 -0.974854
0.786787 0.229006 -0.973433
0.787788 0.235123 -0.971973
0.788789 0.241232 -0.970475
0.78979 0.247331 -0.968939
0.790791 0.25342 -0.967364
0.791792 0.259499 -0.965751
0.792793 0.265568 -0.9641
0.793794 0.271626 -0.96241
0.794795 0.277674 -0.960683
0.795796 0.28371 -0.958918
0.796797 0.289736 -0.957114
0.797798 0.29575 -0.955273
0.798799 0.301752 -0.953394
0.7998 0.307742 -0.951477
0.800801 0.31372 -0.949523
0.801802 0.319686 -0.947531
0.802803 0.325639 -0.945501
0.803804 0.331579 -0.943435
0.804805 0.337506 -0.94133
0.805806 0.34342 -0.939189
0.806807 0.34932 -0.93701
0.807808 0.355206 -0.934795
0.808809 0.361079 -0.932542
0.80981 0.366937 -0.930253
0.810811 0.37278 -0.927927
0.811812 0.378609 -0.925564
0.812813 0.384422 -0.923164
0.813814 0.390221 -0.920728
0.814815 0.396004 -0.918255
0.815816 0.401771 -0.915747
0.816817 0.407523 -0.913202
0.817818 0.413258 -0.91062
0.818819 0.418977 -0.908003
0.81982 0.42468 -0.90535
0.820821 0.430366 -0.902661
0.821822 0.436034 -0.899936
0.822823 0.441686 -0.897176
0.823824 0.44732 -0.89438
0.824825 0.452936 -0.891549
0.825826 0.458534 -0.888683
0.826827 0.464114 -0.885781
0.827828 0.469676 -0.882845
0.828829 0.475219 -0.879873
0.82983 0.480744 -0.876867
0.830831 0.486249 -0.873826
0.831832 0.491736 -0.870751
0.832833 0.497202 -0.867641
0.833834 0.502649 -0.864496
0.834835 0.508077 -0.861318
0.835836 0.513484 -0.858105
0.836837 0.518871 -0.854859
0.837838 0.524237 -0.851578
0.838839 0.529582 -0.848264
0.83984 0.534907 -0.844917
0.840841 0.54021 -0.841536
0.841842 0.545492 -0.838121
0.842843 0.550753 -0.834674
0.843844 0.555992 -0.831193
0.844845 0.561208 -0.82768
0.845846 0.566403 -0.824134
0.846847 0.571575 -0.820555
0.847848 0.576724 -0.816944
0.848849 0.581851 -0.813301
0.84985 0.586955 -0.809625
0.850851 0.592035 -0.805917
0.851852 0.597092 -0.802178
0.852853 0.602126 -0.798407
0.853854 0.607135 -0.794604
0.854855 0.612121 -0.790769
0.855856 0.617082 -0.786904
0.856857 0.622019 -0.783007
0.857858 0.626931 -0.77908
0.858859 0.631819 -0.775121
0.85986 0.636681 -0.771132
0.860861 0.641519 -0.767112
0.861862 0.646331 -0.763062
0.862863 0.651117 -0.758982
0.863864 0.655878 -0.754872
0.864865 0.660612 -0.750732
0.865866 0.665321 -0.746562
0.866867 0.670003 -0.742363
0.867868 0.674659 -0.738134
0.868869 0.679288 -0.733876
0.86987 0.68389 -0.729589
0.870871 0.688465 -0.725274
0.871872 0.693013 -0.720929
0.872873 0.697534 -0.716556
0.873874 0.702027 -0.712155
0.874875 0.706492 -0.707725
0.875876 0.710929 -0.703268
0.876877 0.715338 -0.698783
0.877878 0.719719 -0.69427
0.878879 0.724071 -0.689729
0.87988 0.728395 -0.685162
0.880881 0.73269 -0.680567
0.881882 0.736956 -0.675945
0.882883 0.741192 -0.671297
0.883884 0.7454 -0.666622
0.884885 0.749578 -0.66192
0.885886 0.753726 -0.657193
0.886887 0.757844 -0.652439
0.887888 0.761933 -0.64766
0.888889 0.765991 -0.642855
0.88989 0.770019 -0.638025
0.890891 0.774017 -0.633169
0.891892 0.777984 -0.628288
0.892893 0.78192 -0.623383
0.893894 0.785825 -0.618453
0.894895 0.789699 -0.613498
0.895896 0.793542 -0.608519
0.896897 0.797354 -0.603516
0.897898 0.801134 -0.598489
0.898899 0.804882 -0.593439
0.8999 0.808598 -0.588365
0.900901 0.812283 -0.583267
0.901902 0.815935 -0.578147
0.902903 0.819555 -0.573004
0.903904 0.823143 -0.567838
0.904905 0.826698 -0.562649
0.905906 0.83022 -0.557439
0.906907 0.83371 -0.552206
0.907908 0.837166 -0.546952
0.908909 0.84059 -0.541675
0.90991 0.84398 -0.536378
0.910911 0.847337 -0.531059
0.911912 0.85066 -0.525719
0.912913 0.85395 -0.520359
0.913914 0.857206 -0.514978
0.914915 0.860428 -0.509576
0.915916 0.863615 -0.504154
0.916917 0.866769 -0.498713
0.917918 0.869889 -0.493251
0.918919 0.872974 -0.48777
0.91992 0.876024 -0.48227
0.920921 0.87904 -0.476751
0.921922 0.882021 -0.471213
0.922923 0.884967 -0.465656
0.923924 0.887879 -0.460081
0.924925 0.890755 -0.454487
0.925926 0.893596 -0.448876
0.926927 0.896401 -0.443247
0.927928 0.899171 -0.4376
0.928929 0.901905 -0.431936
0.92993 0.904604 -0.426255
0.930931 0.907267 -0.420557
0.931932 0.909894 -0.414843
0.932933 0.912486 -0.409112
0.933934 0.915041 -0.403365
0.934935 0.917559 -0.397602
0.935936 0.920042 -0.391823
0.936937 0.922488 -0.386028
0.937938 0.924898 -0.380219
0.938939 0.927271 -0.374394
0.93994 0.929607 -0.368555
0.940941 0.931907 -0.362701
0.941942 0.934169 -0.356832
0.942943 0.936395 -0.35095
0.943944 0.938584 -0.345053
0.944945 0.940736 -0.339143
0.945946 0.94285 -0.33322
0.946947 0.944927 -0.327283
0.947948 0.946967 -0.321334
0.948949 0.948969 -0.315372
0.94995 0.950934 -0.309397
0.950951 0.952861 -0.30341
0.951952 0.95475 -0.297411
0.952953 0.956602 -0.2914
0.953954 0.958416 -0.285378
0.954955 0.960192 -0.279344
0.955956 0.96193 -0.2733
0.956957 0.96363 -0.267244
0.957958 0.965291 -0.261178
0.958959 0.966915 -0.255102
0.95996 0.9685 -0.249015
0.960961 0.970047 -0.242919
0.961962 0.971556 -0.236813
0.962963 0.973026 -0.230698
0.963964 0.974458 -0.224574
0.964965 0.975851 -0.21844
0.965966 0.977205 -0.212298
0.966967 0.978521 -0.206148
0.967968 0.979799 -0.19999
0.968969 0.981037 -0.193823
0.96997 0.982237 -0.187649
0.970971 0.983397 -0.181468
0.971972 0.984519 -0.175279
0.972973 0.985602 -0.169084
0.973974 0.986646 -0.162881
0.974975 0.987651 -0.156673
0.975976 0.988617 -0.150458
0.976977 0.989544 -0.144237
0.977978 0.990431 -0.13801
0.978979 0.99128 -0.131778
0.97998 0.992089 -0.125541
0.980981 0.992859 -0.119299
0.981982 0.993589 -0.113052
0.982983 0.994281 -0.106801
0.983984 0.994933 -0.100545
0.984985 0.995546 -0.0942853
0.985986 0.996119 -0.088022
0.986987 0.996653 -0.0817552
0.987988 0.997147 -0.0754851
0.988989 0.997602 -0.0692121
0.98999 0.998018 -0.0629364
0.990991 0.998394 -0.0566581
0.991992 0.998731 -0.0503776
0.992993 0.999028 -0.0440951
0.993994 0.999285 -0.0378109
0.994995 0.999503 -0.0315252
0.995996 0.999682 -0.0252382
0.996997 0.999821 -0.0189503
0.997998 0.99992 -0.0126615
0.998999 0.99998 -0.00637231
1 1 -8.28419e-05
